Gegenstand - links - rechts - Differenz
10 - [5, 21, 21, 259] - [29, 287] - 0
20 - [29, 259] - [21, 287] - 0
30 - [287] - [29, 29, 259] - 0
40 - [21, 21, 29, 29, 259] - [399] - 0
50 - [] - [21, 29] - 0
60 - [5, 21, 259] - [29, 29, 287] - 0
70 - [21, 21, 287] - [399] - 0
80 - [29, 29, 287] - [5, 21, 399] - 0
90 - [21, 29, 259] - [399] - 0
100 - [] - [21, 21, 29, 29] - 0
110 - [5, 259] - [29, 29, 29, 287] - 0
120 - [21, 287] - [29, 399] - 0
130 - [29, 287] - [5, 21, 21, 399] - 0
140 - [259] - [399] - 0
150 - [] - [21, 21, 21, 29, 29, 29] - 0
160 - [21, 399] - [5, 29, 259, 287] - 0
170 - [287] - [29, 29, 399] - 0
180 - [21, 29, 29] - [259] - 0
190 - [259] - [21, 29, 399] - 0
200 - [29, 29, 29] - [287] - 0
210 - [399] - [5, 29, 29, 259, 287] - 0
220 - [287] - [21, 29, 29, 29, 399] - 0
230 - [29] - [259] - 0
240 - [5, 21, 21] - [287] - 0
250 - [21, 21] - [5, 287] - 0
260 - [399] - [5, 21, 29, 29, 29, 259, 287] - 0
270 - [21, 21, 29, 29, 29] - [399] - 0
280 - [] - [21, 259] - 0
290 - [5, 21] - [29, 287] - 0
300 - [21] - [5, 29, 287] - 0
310 - [29, 29, 29, 287] - [5, 21, 259, 399] - 0
320 - [21, 29, 29] - [399] - 0
330 - [] - [21, 21, 29, 259] - 0
340 - [5] - [29, 29, 287] - 0
350 - [21, 287] - [259, 399] - 0
360 - [5, 21, 21, 21] - [29, 399] - 0
370 - [29] - [399] - 0
380 - [5, 21, 21, 259] - [287, 399] - 0
390 - [21, 21, 259] - [5, 287, 399] - 0
400 - [287] - [29, 259, 399] - 0
410 - [5, 21, 21] - [29, 29, 399] - 0
420 - [] - [21, 399] - 0
430 - [5, 21, 259] - [29, 287, 399] - 0
440 - [21, 259] - [5, 29, 287, 399] - 0
450 - [287] - [21, 29, 29, 259, 399] - 0
460 - [5, 21] - [29, 29, 29, 399] - 0
470 - [] - [21, 21, 29, 399] - 0
480 - [5, 259] - [29, 29, 287, 399] - 0
490 - [259] - [5, 29, 29, 287, 399] - 0
500 - [287] - [21, 21, 29, 29, 29, 259, 399] - 0
510 - [21, 21] - [5, 259, 287] - 1
520 - [5, 21] - [259, 287] - 0
530 - [21] - [5, 259, 287] - 0
540 - [259] - [5, 21, 29, 29, 29, 287, 399] - 0
550 - [21, 29, 29, 29] - [259, 399] - 0
560 - [5, 21, 21, 21, 29, 29] - [287, 399] - 0
570 - [5] - [29, 259, 287] - 0
580 - [] - [5, 29, 259, 287] - 0
590 - [5, 21, 21, 21] - [259, 399] - 0
600 - [29, 29] - [259, 399] - 0
610 - [5, 21, 21, 29] - [287, 399] - 0
620 - [21, 21, 29] - [5, 287, 399] - 0
630 - [] - [5, 21, 29, 29, 259, 287] - 0
640 - [5, 21, 21] - [29, 259, 399] - 0
650 - [29] - [21, 259, 399] - 0
660 - [5, 21] - [287, 399] - 0
670 - [21] - [5, 287, 399] - 0
680 - [] - [5, 21, 21, 29, 29, 29, 259, 287] - 0
690 - [5, 21] - [29, 29, 259, 399] - 0
700 - [] - [21, 21, 259, 399] - 0
710 - [5] - [29, 287, 399] - 0
720 - [] - [5, 29, 287, 399] - 0
730 - [5] - [21, 29, 287, 399] - -1
740 - [5] - [29, 29, 29, 259, 399] - 0
750 - [] - [5, 29, 29, 29, 259, 399] - 0
760 - [5] - [21, 29, 29, 287, 399] - 0
770 - [] - [5, 21, 29, 29, 287, 399] - 0
780 - [5] - [21, 21, 29, 29, 287, 399] - -1
790 - [5, 21, 21, 21, 29, 29, 29] - [259, 287, 399] - 0
800 - [21, 21, 21, 29, 29, 29] - [5, 259, 287, 399] - 0
810 - [5] - [21, 21, 29, 29, 29, 287, 399] - 0
820 - [] - [5, 21, 21, 29, 29, 29, 287, 399] - 0
830 - [21, 21, 21, 29, 29] - [5, 259, 287, 399] - 1
840 - [5, 21, 21, 29, 29] - [259, 287, 399] - 0
850 - [21, 21, 29, 29] - [5, 259, 287, 399] - 0
860 - [5, 21, 29, 29] - [259, 287, 399] - -1
870 - [5, 21, 21, 29] - [259, 287, 399] - 1
880 - [21, 21, 29] - [5, 259, 287, 399] - 1
890 - [5, 21, 29] - [259, 287, 399] - 0
900 - [21, 29] - [5, 259, 287, 399] - 0
910 - [5, 29] - [259, 287, 399] - -1
920 - [5, 21] - [259, 287, 399] - 1
930 - [21] - [5, 259, 287, 399] - 1
940 - [5] - [259, 287, 399] - 0
950 - [] - [5, 259, 287, 399] - 0
960 - [5] - [21, 259, 287, 399] - -1
970 - [5] - [29, 259, 287, 399] - 1
980 - [] - [5, 29, 259, 287, 399] - 1
990 - [5] - [21, 29, 259, 287, 399] - 0
1000 - [] - [5, 21, 29, 259, 287, 399] - 0
1010 - [21] - [29, 29, 29, 259, 287, 399] - -1
1020 - [5] - [21, 29, 29, 259, 287, 399] - 1
1030 - [] - [5, 21, 29, 29, 259, 287, 399] - 1
1040 - [5] - [21, 21, 29, 29, 259, 287, 399] - 0
1050 - [] - [5, 21, 21, 29, 29, 259, 287, 399] - 0
1060 - [5] - [21, 21, 21, 29, 29, 259, 287, 399] - -1
1070 - [5] - [21, 21, 29, 29, 29, 259, 287, 399] - 1
1080 - [] - [5, 21, 21, 29, 29, 29, 259, 287, 399] - 1
1090 - [5] - [21, 21, 21, 29, 29, 29, 259, 287, 399] - 0
1100 - [] - [5, 21, 21, 21, 29, 29, 29, 259, 287, 399] - 0
1110 - [] - [5, 21, 21, 21, 29, 29, 29, 259, 287, 399] - 10
1120 - [] - [5, 21, 21, 21, 29, 29, 29, 259, 287, 399] - 20
1130 - [] - [5, 21, 21, 21, 29, 29, 29, 259, 287, 399] - 30
1140 - [] - [5, 21, 21, 21, 29, 29, 29, 259, 287, 399] - 40
1150 - [] - [5, 21, 21, 21, 29, 29, 29, 259, 287, 399] - 50
1160 - [] - [5, 21, 21, 21, 29, 29, 29, 259, 287, 399] - 60
1170 - [] - [5, 21, 21, 21, 29, 29, 29, 259, 287, 399] - 70
1180 - [] - [5, 21, 21, 21, 29, 29, 29, 259, 287, 399] - 80
1190 - [] - [5, 21, 21, 21, 29, 29, 29, 259, 287, 399] - 90
1200 - [] - [5, 21, 21, 21, 29, 29, 29, 259, 287, 399] - 100
1210 - [] - [5, 21, 21, 21, 29, 29, 29, 259, 287, 399] - 110
1220 - [] - [5, 21, 21, 21, 29, 29, 29, 259, 287, 399] - 120
1230 - [] - [5, 21, 21, 21, 29, 29, 29, 259, 287, 399] - 130
1240 - [] - [5, 21, 21, 21, 29, 29, 29, 259, 287, 399] - 140
1250 - [] - [5, 21, 21, 21, 29, 29, 29, 259, 287, 399] - 150
1260 - [] - [5, 21, 21, 21, 29, 29, 29, 259, 287, 399] - 160
1270 - [] - [5, 21, 21, 21, 29, 29, 29, 259, 287, 399] - 170
1280 - [] - [5, 21, 21, 21, 29, 29, 29, 259, 287, 399] - 180
1290 - [] - [5, 21, 21, 21, 29, 29, 29, 259, 287, 399] - 190
1300 - [] - [5, 21, 21, 21, 29, 29, 29, 259, 287, 399] - 200
1310 - [] - [5, 21, 21, 21, 29, 29, 29, 259, 287, 399] - 210
1320 - [] - [5, 21, 21, 21, 29, 29, 29, 259, 287, 399] - 220
1330 - [] - [5, 21, 21, 21, 29, 29, 29, 259, 287, 399] - 230
1340 - [] - [5, 21, 21, 21, 29, 29, 29, 259, 287, 399] - 240
1350 - [] - [5, 21, 21, 21, 29, 29, 29, 259, 287, 399] - 250
1360 - [] - [5, 21, 21, 21, 29, 29, 29, 259, 287, 399] - 260
1370 - [] - [5, 21, 21, 21, 29, 29, 29, 259, 287, 399] - 270
1380 - [] - [5, 21, 21, 21, 29, 29, 29, 259, 287, 399] - 280
1390 - [] - [5, 21, 21, 21, 29, 29, 29, 259, 287, 399] - 290
1400 - [] - [5, 21, 21, 21, 29, 29, 29, 259, 287, 399] - 300
1410 - [] - [5, 21, 21, 21, 29, 29, 29, 259, 287, 399] - 310
1420 - [] - [5, 21, 21, 21, 29, 29, 29, 259, 287, 399] - 320
1430 - [] - [5, 21, 21, 21, 29, 29, 29, 259, 287, 399] - 330
1440 - [] - [5, 21, 21, 21, 29, 29, 29, 259, 287, 399] - 340
1450 - [] - [5, 21, 21, 21, 29, 29, 29, 259, 287, 399] - 350
1460 - [] - [5, 21, 21, 21, 29, 29, 29, 259, 287, 399] - 360
1470 - [] - [5, 21, 21, 21, 29, 29, 29, 259, 287, 399] - 370
1480 - [] - [5, 21, 21, 21, 29, 29, 29, 259, 287, 399] - 380
1490 - [] - [5, 21, 21, 21, 29, 29, 29, 259, 287, 399] - 390
1500 - [5, 21, 21, 21, 29, 29, 29, 259, 287, 399] - [2993] - -393
1510 - [5, 21, 21, 21, 29, 29, 29, 259, 287, 399] - [2993] - -383
1520 - [5, 21, 21, 21, 29, 29, 29, 259, 287, 399] - [2993] - -373
1530 - [5, 21, 21, 21, 29, 29, 29, 259, 287, 399] - [2993] - -363
1540 - [5, 21, 21, 21, 29, 29, 29, 259, 287, 399] - [2993] - -353
1550 - [5, 21, 21, 21, 29, 29, 29, 259, 287, 399] - [2993] - -343
1560 - [5, 21, 21, 21, 29, 29, 29, 259, 287, 399] - [2993] - -333
1570 - [5, 21, 21, 21, 29, 29, 29, 259, 287, 399] - [2993] - -323
1580 - [5, 21, 21, 21, 29, 29, 29, 259, 287, 399] - [2993] - -313
1590 - [5, 21, 21, 21, 29, 29, 29, 259, 287, 399] - [2993] - -303
1600 - [5, 21, 21, 21, 29, 29, 29, 259, 287, 399] - [2993] - -293
1610 - [5, 21, 21, 21, 29, 29, 29, 259, 287, 399] - [2993] - -283
1620 - [5, 21, 21, 21, 29, 29, 29, 259, 287, 399] - [2993] - -273
1630 - [5, 21, 21, 21, 29, 29, 29, 259, 287, 399] - [2993] - -263
1640 - [5, 21, 21, 21, 29, 29, 29, 259, 287, 399] - [2993] - -253
1650 - [5, 21, 21, 21, 29, 29, 29, 259, 287, 399] - [2993] - -243
1660 - [5, 21, 21, 21, 29, 29, 29, 259, 287, 399] - [2993] - -233
1670 - [5, 21, 21, 21, 29, 29, 29, 259, 287, 399] - [2993] - -223
1680 - [5, 21, 21, 21, 29, 29, 29, 259, 287, 399] - [2993] - -213
1690 - [5, 21, 21, 21, 29, 29, 29, 259, 287, 399] - [2993] - -203
1700 - [5, 21, 21, 21, 29, 29, 29, 259, 287, 399] - [2993] - -193
1710 - [5, 21, 21, 21, 29, 29, 29, 259, 287, 399] - [2993] - -183
1720 - [5, 21, 21, 21, 29, 29, 29, 259, 287, 399] - [2993] - -173
1730 - [5, 21, 21, 21, 29, 29, 29, 259, 287, 399] - [2993] - -163
1740 - [5, 21, 21, 21, 29, 29, 29, 259, 287, 399] - [2993] - -153
1750 - [5, 21, 21, 21, 29, 29, 29, 259, 287, 399] - [2993] - -143
1760 - [5, 21, 21, 21, 29, 29, 29, 259, 287, 399] - [2993] - -133
1770 - [5, 21, 21, 21, 29, 29, 29, 259, 287, 399] - [2993] - -123
1780 - [5, 21, 21, 21, 29, 29, 29, 259, 287, 399] - [2993] - -113
1790 - [5, 21, 21, 21, 29, 29, 29, 259, 287, 399] - [2993] - -103
1800 - [5, 21, 21, 21, 29, 29, 29, 259, 287, 399] - [2993] - -93
1810 - [5, 21, 21, 21, 29, 29, 29, 259, 287, 399] - [2993] - -83
1820 - [5, 21, 21, 21, 29, 29, 29, 259, 287, 399] - [2993] - -73
1830 - [5, 21, 21, 21, 29, 29, 29, 259, 287, 399] - [2993] - -63
1840 - [5, 21, 21, 21, 29, 29, 29, 259, 287, 399] - [2993] - -53
1850 - [5, 21, 21, 21, 29, 29, 29, 259, 287, 399] - [2993] - -43
1860 - [5, 21, 21, 21, 29, 29, 29, 259, 287, 399] - [2993] - -33
1870 - [5, 21, 21, 21, 29, 29, 29, 259, 287, 399] - [2993] - -23
1880 - [5, 21, 21, 21, 29, 29, 29, 259, 287, 399] - [2993] - -13
1890 - [5, 21, 21, 21, 29, 29, 29, 259, 287, 399] - [2993] - -3
1900 - [21, 21, 21, 29, 29, 29, 259, 287, 399] - [2993] - 2
1910 - [5, 21, 21, 29, 29, 29, 259, 287, 399] - [2993] - -4
1920 - [21, 21, 29, 29, 29, 259, 287, 399] - [2993] - 1
1930 - [21, 21, 21, 29, 29, 259, 287, 399] - [5, 2993] - -2
1940 - [21, 29, 29, 29, 259, 287, 399] - [2993] - 0
1950 - [5, 21, 21, 21, 29, 259, 287, 399] - [2993] - -1
1960 - [29, 29, 29, 259, 287, 399] - [2993] - -1
1970 - [21, 29, 29, 259, 287, 399] - [2993] - 1
1980 - [5, 21, 21, 21, 259, 287, 399] - [2993] - 0
1990 - [29, 29, 259, 287, 399] - [2993] - 0
2000 - [5, 21, 21, 259, 287, 399] - [2993] - -1
2010 - [21, 21, 259, 287, 399] - [5, 2993] - -1
2020 - [29, 259, 287, 399] - [2993] - 1
2030 - [5, 21, 21, 259, 287, 399] - [29, 2993] - 0
2040 - [29, 259, 287, 399] - [21, 2993] - 0
2050 - [5, 21, 259, 287, 399] - [29, 2993] - -1
2060 - [21, 259, 287, 399] - [5, 29, 2993] - -1
2070 - [259, 287, 399] - [21, 2993] - 1
2080 - [5, 21, 259, 287, 399] - [29, 29, 2993] - 0
2090 - [259, 287, 399] - [21, 21, 2993] - 0
2100 - [5, 259, 287, 399] - [29, 29, 2993] - -1
2110 - [259, 287, 399] - [5, 29, 29, 2993] - -1
2120 - [259, 287, 399] - [21, 21, 29, 2993] - 1
2130 - [5, 259, 287, 399] - [29, 29, 29, 2993] - 0
2140 - [259, 287, 399] - [5, 29, 29, 29, 2993] - 0
2150 - [5, 259, 287, 399] - [21, 29, 29, 29, 2993] - -1
2160 - [259, 287, 399] - [5, 21, 29, 29, 29, 2993] - -1
2170 - [259, 287, 399] - [21, 21, 21, 29, 29, 2993] - 1
2180 - [5, 21, 21, 21, 29, 29, 29, 259, 399] - [2993] - 0
2190 - [21, 21, 21, 29, 29, 29, 259, 399] - [5, 2993] - 0
2200 - [21, 29, 29, 29, 287, 399] - [2993] - 1
2210 - [5, 21, 21, 21, 29, 287, 399] - [2993] - 0
2220 - [29, 29, 29, 287, 399] - [2993] - 0
2230 - [5, 21, 21, 29, 29, 259, 399] - [2993] - 0
2240 - [21, 21, 29, 29, 259, 399] - [5, 2993] - 0
2250 - [29, 29, 287, 399] - [2993] - 1
2260 - [5, 21, 21, 287, 399] - [2993] - 0
2270 - [21, 21, 287, 399] - [5, 2993] - 0
2280 - [5, 21, 29, 259, 399] - [2993] - 0
2290 - [21, 29, 259, 399] - [5, 2993] - 0
2300 - [5, 29, 259, 399] - [2993] - -1
2310 - [5, 21, 287, 399] - [29, 2993] - 0
2320 - [21, 287, 399] - [5, 29, 2993] - 0
2330 - [5, 259, 399] - [2993] - 0
2340 - [259, 399] - [5, 2993] - 0
2350 - [5, 21, 21, 21, 29, 259, 287] - [2993] - 0
2360 - [29, 29, 29, 259, 287] - [2993] - 0
2370 - [287, 399] - [5, 29, 29, 2993] - 0
2380 - [5, 259, 399] - [21, 29, 2993] - 0
2390 - [259, 399] - [5, 21, 29, 2993] - 0
2400 - [5, 21, 21, 259, 287] - [2993] - 0
2410 - [21, 21, 259, 287] - [5, 2993] - 0
2420 - [287, 399] - [5, 21, 29, 29, 29, 2993] - 0
2430 - [5, 259, 399] - [21, 21, 29, 29, 2993] - 0
2440 - [259, 399] - [5, 21, 21, 29, 29, 2993] - 0
2450 - [5, 21, 259, 287] - [29, 2993] - 0
2460 - [21, 259, 287] - [5, 29, 2993] - 0
2470 - [21, 21, 29, 29, 29, 399] - [5, 2993] - 0
2480 - [5, 259, 399] - [21, 21, 21, 29, 29, 29, 2993] - 0
2490 - [5, 21, 21, 29, 287, 399] - [259, 2993] - 0
2500 - [5, 259, 287] - [29, 29, 2993] - 0
2510 - [259, 287] - [5, 29, 29, 2993] - 0
2520 - [21, 29, 29, 399] - [5, 2993] - 0
2530 - [21, 21, 21, 29, 259, 399] - [287, 2993] - 0
2540 - [5, 21, 287, 399] - [259, 2993] - 0
2550 - [21, 287, 399] - [5, 259, 2993] - 0
2560 - [5, 29, 399] - [2993] - 0
2570 - [29, 399] - [5, 2993] - 0
2580 - [21, 21, 259, 399] - [287, 2993] - 0
2590 - [5, 287, 399] - [29, 259, 2993] - 0
2600 - [287, 399] - [5, 29, 259, 2993] - 0
2610 - [5, 399] - [21, 2993] - 0
2620 - [399] - [5, 21, 2993] - 0
2630 - [5, 21, 21, 29, 287] - [2993] - 0
2640 - [21, 21, 29, 287] - [5, 2993] - 0
2650 - [5, 21, 29, 29, 259] - [2993] - 0
2660 - [21, 29, 29, 259] - [5, 2993] - 0
2670 - [399] - [5, 21, 21, 29, 2993] - 0
2680 - [5, 21, 287] - [2993] - 0
2690 - [21, 287] - [5, 2993] - 0
2700 - [5, 29, 259] - [2993] - 0
2710 - [29, 259] - [5, 2993] - 0
2720 - [399] - [5, 21, 21, 21, 29, 29, 2993] - 0
2730 - [5, 287] - [29, 2993] - 0
2740 - [287] - [5, 29, 2993] - 0
2750 - [5, 259] - [21, 2993] - 0
2760 - [259] - [5, 21, 2993] - 0
2770 - [5, 21, 21, 29, 259, 287] - [399, 2993] - 0
2780 - [5, 287] - [21, 29, 29, 2993] - 0
2790 - [287] - [5, 21, 29, 29, 2993] - 0
2800 - [21, 259] - [29, 29, 29, 2993] - 0
2810 - [259] - [5, 21, 21, 29, 2993] - 0
2820 - [5, 21, 259, 287] - [399, 2993] - 0
2830 - [21, 259, 287] - [5, 399, 2993] - 0
2840 - [21, 21, 399] - [29, 259, 2993] - 0
2850 - [29, 399] - [5, 21, 259, 2993] - 0
2860 - [21, 399] - [287, 2993] - 0
2870 - [5, 259, 287] - [29, 399, 2993] - 0
2880 - [259, 287] - [5, 29, 399, 2993] - 0
2890 - [21, 29, 29, 29] - [5, 2993] - 0
2900 - [399] - [5, 21, 21, 259, 2993] - 0
2910 - [399] - [29, 287, 2993] - 0
2920 - [21, 29, 287] - [5, 259, 2993] - 0
2930 - [21, 21, 21] - [2993] - 0
2940 - [29, 29] - [5, 2993] - 0
2950 - [21, 21, 29, 259] - [287, 2993] - 0
2960 - [5, 287] - [259, 2993] - 0
2970 - [287] - [5, 259, 2993] - 0
2980 - [21, 21] - [29, 2993] - 0
2990 - [29] - [5, 21, 2993] - 0
3000 - [21, 259] - [287, 2993] - 0
3010 - [5, 287] - [21, 29, 259, 2993] - 0
3020 - [287] - [5, 21, 29, 259, 2993] - 0
3030 - [21] - [29, 29, 2993] - 0
3040 - [] - [5, 21, 21, 2993] - 0
3050 - [259] - [29, 287, 2993] - 0
3060 - [21, 29, 287] - [5, 399, 2993] - 0
3070 - [21, 21, 21, 259] - [399, 2993] - 0
3080 - [] - [29, 29, 29, 2993] - 0
3090 - [] - [5, 21, 21, 21, 29, 2993] - 0
3100 - [5, 287] - [399, 2993] - 0
3110 - [287] - [5, 399, 2993] - 0
3120 - [21, 21, 259] - [29, 399, 2993] - 0
3130 - [29, 259] - [5, 21, 399, 2993] - 0
3140 - [399] - [259, 287, 2993] - 0
3150 - [5, 287] - [21, 29, 399, 2993] - 0
3160 - [287] - [5, 21, 29, 399, 2993] - 0
3170 - [21, 259] - [29, 29, 399, 2993] - 0
3180 - [259] - [5, 21, 21, 399, 2993] - 0
3190 - [399] - [21, 29, 259, 287, 2993] - 0
3200 - [5, 287] - [21, 21, 29, 29, 399, 2993] - 0
3210 - [21, 21] - [259, 2993] - 0
3220 - [259] - [29, 29, 29, 399, 2993] - 0
3230 - [21, 29] - [287, 2993] - 0
3240 - [29, 29, 29] - [5, 21, 21, 287, 2993] - 0
3250 - [5, 287] - [21, 21, 21, 29, 29, 29, 399, 2993] - 0
3260 - [21] - [29, 259, 2993] - 0
3270 - [29] - [5, 21, 21, 259, 2993] - 0
3280 - [] - [287, 2993] - 0
3290 - [21, 29, 29, 287] - [5, 259, 399, 2993] - 0
3300 - [21, 21, 21, 29] - [399, 2993] - 0
3310 - [] - [29, 29, 259, 2993] - 0
3320 - [] - [5, 21, 21, 21, 259, 2993] - 0
3330 - [] - [21, 29, 287, 2993] - 0
3340 - [29, 287] - [5, 259, 399, 2993] - 0
3350 - [21, 21] - [399, 2993] - 0
3360 - [29, 29] - [5, 21, 399, 2993] - 0
3370 - [21, 29, 259] - [287, 399, 2993] - 0
3380 - [5, 287] - [21, 259, 399, 2993] - 0
3390 - [287] - [5, 21, 259, 399, 2993] - 0
3400 - [21] - [29, 399, 2993] - 0
3410 - [29] - [5, 21, 21, 399, 2993] - 0
3420 - [259] - [287, 399, 2993] - 0
3430 - [21, 287] - [29, 29, 29, 259, 399, 2993] - 0
3440 - [287] - [5, 21, 21, 29, 259, 399, 2993] - 0
3450 - [] - [29, 29, 399, 2993] - 0
3460 - [] - [5, 21, 21, 21, 399, 2993] - 0
3470 - [259] - [21, 29, 287, 399, 2993] - 0
3480 - [5, 287] - [21, 21, 21, 29, 29, 259, 399, 2993] - 0
3490 - [287] - [5, 21, 21, 21, 29, 29, 259, 399, 2993] - 0
3500 - [] - [21, 29, 29, 29, 399, 2993] - 0
3510 - [29] - [259, 287, 2993] - 0
3520 - [259] - [21, 21, 29, 29, 287, 399, 2993] - 0
3530 - [21, 21, 21, 29, 29] - [259, 399, 2993] - 0
3540 - [] - [259, 287, 2993] - 1
3550 - [21, 21, 29, 29, 29] - [287, 399, 2993] - 0
3560 - [] - [21, 259, 287, 2993] - 0
3570 - [259] - [21, 21, 21, 29, 29, 29, 287, 399, 2993] - 0
3580 - [21, 21, 29] - [259, 399, 2993] - 0
3590 - [29, 29, 29] - [5, 21, 259, 399, 2993] - 0
3600 - [21, 29, 29] - [287, 399, 2993] - 0
3610 - [] - [21, 21, 29, 259, 287, 2993] - 0
3620 - [29, 29] - [287, 399, 2993] - -1
3630 - [21] - [259, 399, 2993] - 0
3640 - [5, 21, 21, 21] - [29, 287, 399, 2993] - 0
3650 - [29] - [287, 399, 2993] - 0
3660 - [] - [21, 21, 21, 29, 29, 259, 287, 2993] - 0
3670 - [5, 21, 21, 21] - [29, 29, 29, 259, 399, 2993] - 0
3680 - [] - [29, 259, 399, 2993] - 0
3690 - [5, 21, 21] - [29, 29, 287, 399, 2993] - 0
3700 - [] - [21, 287, 399, 2993] - 0
3710 - [] - [29, 29, 259, 399, 2993] - 1
3720 - [] - [21, 21, 287, 399, 2993] - -1
3730 - [] - [21, 29, 29, 259, 399, 2993] - 0
3740 - [5, 21] - [29, 29, 29, 287, 399, 2993] - 0
3750 - [] - [21, 21, 29, 287, 399, 2993] - 0
3760 - [5] - [29, 29, 29, 287, 399, 2993] - -1
3770 - [] - [5, 29, 29, 29, 287, 399, 2993] - -1
3780 - [] - [21, 21, 29, 29, 29, 259, 399, 2993] - 0
3790 - [] - [5, 21, 29, 29, 29, 287, 399, 2993] - -2
3800 - [] - [21, 21, 21, 29, 29, 287, 399, 2993] - 0
3810 - [21, 21, 29, 29, 29] - [259, 287, 399, 2993] - 1
3820 - [21, 21, 21, 29, 29] - [5, 259, 287, 399, 2993] - -2
3830 - [21, 29, 29, 29] - [259, 287, 399, 2993] - 0
3840 - [5, 21, 21, 21, 29] - [259, 287, 399, 2993] - -1
3850 - [29, 29, 29] - [259, 287, 399, 2993] - -1
3860 - [21, 29, 29] - [259, 287, 399, 2993] - 1
3870 - [5, 21, 21, 21] - [259, 287, 399, 2993] - 0
3880 - [29, 29] - [259, 287, 399, 2993] - 0
3890 - [5, 21, 21] - [259, 287, 399, 2993] - -1
3900 - [21, 21] - [5, 259, 287, 399, 2993] - -1
3910 - [29] - [259, 287, 399, 2993] - 1
3920 - [5, 21, 21] - [29, 259, 287, 399, 2993] - 0
3930 - [29] - [21, 259, 287, 399, 2993] - 0
3940 - [5, 21] - [29, 259, 287, 399, 2993] - -1
3950 - [21] - [5, 29, 259, 287, 399, 2993] - -1
3960 - [] - [21, 259, 287, 399, 2993] - 1
3970 - [5, 21] - [29, 29, 259, 287, 399, 2993] - 0
3980 - [] - [21, 21, 259, 287, 399, 2993] - 0
3990 - [5] - [29, 29, 259, 287, 399, 2993] - -1
4000 - [] - [5, 29, 29, 259, 287, 399, 2993] - -1
4010 - [] - [21, 21, 29, 259, 287, 399, 2993] - 1
4020 - [5] - [29, 29, 29, 259, 287, 399, 2993] - 0
4030 - [] - [5, 29, 29, 29, 259, 287, 399, 2993] - 0
4040 - [5] - [21, 29, 29, 29, 259, 287, 399, 2993] - -1
4050 - [] - [5, 21, 29, 29, 29, 259, 287, 399, 2993] - -1
4060 - [] - [21, 21, 21, 29, 29, 259, 287, 399, 2993] - 1
4070 - [] - [5, 21, 21, 29, 29, 29, 259, 287, 399, 2993] - -2
4080 - [5] - [21, 21, 21, 29, 29, 29, 259, 287, 399, 2993] - -3
4090 - [] - [21, 21, 21, 29, 29, 29, 259, 287, 399, 2993] - 2
4100 - [] - [5, 21, 21, 21, 29, 29, 29, 259, 287, 399, 2993] - 7
4110 - [] - [5, 21, 21, 21, 29, 29, 29, 259, 287, 399, 2993] - 17
4120 - [] - [5, 21, 21, 21, 29, 29, 29, 259, 287, 399, 2993] - 27
4130 - [] - [5, 21, 21, 21, 29, 29, 29, 259, 287, 399, 2993] - 37
4140 - [] - [5, 21, 21, 21, 29, 29, 29, 259, 287, 399, 2993] - 47
4150 - [] - [5, 21, 21, 21, 29, 29, 29, 259, 287, 399, 2993] - 57
4160 - [] - [5, 21, 21, 21, 29, 29, 29, 259, 287, 399, 2993] - 67
4170 - [] - [5, 21, 21, 21, 29, 29, 29, 259, 287, 399, 2993] - 77
4180 - [] - [5, 21, 21, 21, 29, 29, 29, 259, 287, 399, 2993] - 87
4190 - [] - [5, 21, 21, 21, 29, 29, 29, 259, 287, 399, 2993] - 97
4200 - [] - [5, 21, 21, 21, 29, 29, 29, 259, 287, 399, 2993] - 107
4210 - [] - [5, 21, 21, 21, 29, 29, 29, 259, 287, 399, 2993] - 117
4220 - [] - [5, 21, 21, 21, 29, 29, 29, 259, 287, 399, 2993] - 127
4230 - [] - [5, 21, 21, 21, 29, 29, 29, 259, 287, 399, 2993] - 137
4240 - [] - [5, 21, 21, 21, 29, 29, 29, 259, 287, 399, 2993] - 147
4250 - [] - [5, 21, 21, 21, 29, 29, 29, 259, 287, 399, 2993] - 157
4260 - [] - [5, 21, 21, 21, 29, 29, 29, 259, 287, 399, 2993] - 167
4270 - [] - [5, 21, 21, 21, 29, 29, 29, 259, 287, 399, 2993] - 177
4280 - [] - [5, 21, 21, 21, 29, 29, 29, 259, 287, 399, 2993] - 187
4290 - [] - [5, 21, 21, 21, 29, 29, 29, 259, 287, 399, 2993] - 197
4300 - [] - [5, 21, 21, 21, 29, 29, 29, 259, 287, 399, 2993] - 207
4310 - [] - [5, 21, 21, 21, 29, 29, 29, 259, 287, 399, 2993] - 217
4320 - [] - [5, 21, 21, 21, 29, 29, 29, 259, 287, 399, 2993] - 227
4330 - [] - [5, 21, 21, 21, 29, 29, 29, 259, 287, 399, 2993] - 237
4340 - [] - [5, 21, 21, 21, 29, 29, 29, 259, 287, 399, 2993] - 247
4350 - [] - [5, 21, 21, 21, 29, 29, 29, 259, 287, 399, 2993] - 257
4360 - [] - [5, 21, 21, 21, 29, 29, 29, 259, 287, 399, 2993] - 267
4370 - [] - [5, 21, 21, 21, 29, 29, 29, 259, 287, 399, 2993] - 277
4380 - [] - [5, 21, 21, 21, 29, 29, 29, 259, 287, 399, 2993] - 287
4390 - [] - [5, 21, 21, 21, 29, 29, 29, 259, 287, 399, 2993] - 297
4400 - [] - [5, 21, 21, 21, 29, 29, 29, 259, 287, 399, 2993] - 307
4410 - [] - [5, 21, 21, 21, 29, 29, 29, 259, 287, 399, 2993] - 317
4420 - [] - [5, 21, 21, 21, 29, 29, 29, 259, 287, 399, 2993] - 327
4430 - [] - [5, 21, 21, 21, 29, 29, 29, 259, 287, 399, 2993] - 337
4440 - [] - [5, 21, 21, 21, 29, 29, 29, 259, 287, 399, 2993] - 347
4450 - [] - [5, 21, 21, 21, 29, 29, 29, 259, 287, 399, 2993] - 357
4460 - [] - [5, 21, 21, 21, 29, 29, 29, 259, 287, 399, 2993] - 367
4470 - [] - [5, 21, 21, 21, 29, 29, 29, 259, 287, 399, 2993] - 377
4480 - [] - [5, 21, 21, 21, 29, 29, 29, 259, 287, 399, 2993] - 387
4490 - [5, 21, 21, 21, 29, 29, 29, 259, 287, 399] - [2993, 2993] - -396
4500 - [5, 21, 21, 21, 29, 29, 29, 259, 287, 399] - [2993, 2993] - -386
4510 - [5, 21, 21, 21, 29, 29, 29, 259, 287, 399] - [2993, 2993] - -376
4520 - [5, 21, 21, 21, 29, 29, 29, 259, 287, 399] - [2993, 2993] - -366
4530 - [5, 21, 21, 21, 29, 29, 29, 259, 287, 399] - [2993, 2993] - -356
4540 - [5, 21, 21, 21, 29, 29, 29, 259, 287, 399] - [2993, 2993] - -346
4550 - [5, 21, 21, 21, 29, 29, 29, 259, 287, 399] - [2993, 2993] - -336
4560 - [5, 21, 21, 21, 29, 29, 29, 259, 287, 399] - [2993, 2993] - -326
4570 - [5, 21, 21, 21, 29, 29, 29, 259, 287, 399] - [2993, 2993] - -316
4580 - [5, 21, 21, 21, 29, 29, 29, 259, 287, 399] - [2993, 2993] - -306
4590 - [5, 21, 21, 21, 29, 29, 29, 259, 287, 399] - [2993, 2993] - -296
4600 - [5, 21, 21, 21, 29, 29, 29, 259, 287, 399] - [2993, 2993] - -286
4610 - [5, 21, 21, 21, 29, 29, 29, 259, 287, 399] - [2993, 2993] - -276
4620 - [5, 21, 21, 21, 29, 29, 29, 259, 287, 399] - [2993, 2993] - -266
4630 - [5, 21, 21, 21, 29, 29, 29, 259, 287, 399] - [2993, 2993] - -256
4640 - [5, 21, 21, 21, 29, 29, 29, 259, 287, 399] - [2993, 2993] - -246
4650 - [5, 21, 21, 21, 29, 29, 29, 259, 287, 399] - [2993, 2993] - -236
4660 - [5, 21, 21, 21, 29, 29, 29, 259, 287, 399] - [2993, 2993] - -226
4670 - [5, 21, 21, 21, 29, 29, 29, 259, 287, 399] - [2993, 2993] - -216
4680 - [5, 21, 21, 21, 29, 29, 29, 259, 287, 399] - [2993, 2993] - -206
4690 - [5, 21, 21, 21, 29, 29, 29, 259, 287, 399] - [2993, 2993] - -196
4700 - [5, 21, 21, 21, 29, 29, 29, 259, 287, 399] - [2993, 2993] - -186
4710 - [5, 21, 21, 21, 29, 29, 29, 259, 287, 399] - [2993, 2993] - -176
4720 - [5, 21, 21, 21, 29, 29, 29, 259, 287, 399] - [2993, 2993] - -166
4730 - [5, 21, 21, 21, 29, 29, 29, 259, 287, 399] - [2993, 2993] - -156
4740 - [5, 21, 21, 21, 29, 29, 29, 259, 287, 399] - [2993, 2993] - -146
4750 - [5, 21, 21, 21, 29, 29, 29, 259, 287, 399] - [2993, 2993] - -136
4760 - [5, 21, 21, 21, 29, 29, 29, 259, 287, 399] - [2993, 2993] - -126
4770 - [5, 21, 21, 21, 29, 29, 29, 259, 287, 399] - [2993, 2993] - -116
4780 - [5, 21, 21, 21, 29, 29, 29, 259, 287, 399] - [2993, 2993] - -106
4790 - [5, 21, 21, 21, 29, 29, 29, 259, 287, 399] - [2993, 2993] - -96
4800 - [5, 21, 21, 21, 29, 29, 29, 259, 287, 399] - [2993, 2993] - -86
4810 - [5, 21, 21, 21, 29, 29, 29, 259, 287, 399] - [2993, 2993] - -76
4820 - [5, 21, 21, 21, 29, 29, 29, 259, 287, 399] - [2993, 2993] - -66
4830 - [5, 21, 21, 21, 29, 29, 29, 259, 287, 399] - [2993, 2993] - -56
4840 - [5, 21, 21, 21, 29, 29, 29, 259, 287, 399] - [2993, 2993] - -46
4850 - [5, 21, 21, 21, 29, 29, 29, 259, 287, 399] - [2993, 2993] - -36
4860 - [5, 21, 21, 21, 29, 29, 29, 259, 287, 399] - [2993, 2993] - -26
4870 - [5, 21, 21, 21, 29, 29, 29, 259, 287, 399] - [2993, 2993] - -16
4880 - [5, 21, 21, 21, 29, 29, 29, 259, 287, 399] - [2993, 2993] - -6
4890 - [21, 21, 21, 29, 29, 29, 259, 287, 399] - [2993, 2993] - -1
4900 - [21, 21, 21, 29, 29, 29, 259, 287, 399] - [5, 2993, 2993] - 4
4910 - [21, 21, 29, 29, 29, 259, 287, 399] - [2993, 2993] - -2
4920 - [21, 21, 21, 29, 29, 259, 287, 399] - [2993, 2993] - 0
4930 - [5, 21, 29, 29, 29, 259, 287, 399] - [2993, 2993] - 2
4940 - [21, 21, 29, 29, 259, 287, 399] - [2993, 2993] - -1
4950 - [21, 21, 21, 29, 259, 287, 399] - [2993, 2993] - 1
4960 - [29, 29, 29, 259, 287, 399] - [5, 2993, 2993] - 1
4970 - [21, 21, 29, 259, 287, 399] - [2993, 2993] - 0
4980 - [29, 29, 29, 259, 287, 399] - [5, 21, 2993, 2993] - 0
4990 - [21, 29, 259, 287, 399] - [2993, 2993] - -1
5000 - [21, 21, 259, 287, 399] - [2993, 2993] - 1
5010 - [29, 29, 259, 287, 399] - [5, 21, 2993, 2993] - 1
5020 - [21, 259, 287, 399] - [2993, 2993] - 0
5030 - [29, 29, 259, 287, 399] - [5, 21, 21, 2993, 2993] - 0
5040 - [259, 287, 399] - [2993, 2993] - -1
5050 - [21, 259, 287, 399] - [29, 2993, 2993] - 1
5060 - [5, 21, 21, 21, 259, 287, 399] - [29, 29, 29, 2993, 2993] - 0
5070 - [259, 287, 399] - [29, 2993, 2993] - 0
5080 - [29, 259, 287, 399] - [5, 21, 21, 21, 2993, 2993] - 0
5090 - [259, 287, 399] - [21, 29, 2993, 2993] - -1
5100 - [259, 287, 399] - [29, 29, 2993, 2993] - 1
5110 - [259, 287, 399] - [5, 21, 21, 21, 2993, 2993] - 1
5120 - [259, 287, 399] - [21, 29, 29, 2993, 2993] - 0
5130 - [259, 287, 399] - [29, 29, 29, 2993, 2993] - 2
5140 - [259, 287, 399] - [21, 21, 29, 29, 2993, 2993] - -1
5150 - [21, 21, 21, 29, 29, 29, 287, 399] - [2993, 2993] - 0
5160 - [259, 287, 399] - [21, 21, 21, 29, 29, 2993, 2993] - -2
5170 - [259, 287, 399] - [21, 21, 29, 29, 29, 2993, 2993] - 0
5180 - [21, 21, 21, 29, 29, 287, 399] - [2993, 2993] - 1
5190 - [259, 287, 399] - [21, 21, 21, 29, 29, 29, 2993, 2993] - -1
5200 - [21, 21, 29, 29, 287, 399] - [2993, 2993] - 0
5210 - [21, 21, 21, 29, 287, 399] - [2993, 2993] - 2
5220 - [21, 29, 29, 29, 259, 399] - [2993, 2993] - 0
5230 - [21, 21, 29, 287, 399] - [2993, 2993] - 1
5240 - [29, 29, 29, 259, 399] - [2993, 2993] - -1
5250 - [21, 29, 287, 399] - [2993, 2993] - 0
5260 - [5, 21, 21, 21, 259, 399] - [2993, 2993] - 0
5270 - [29, 29, 259, 399] - [2993, 2993] - 0
5280 - [21, 287, 399] - [2993, 2993] - 1
5290 - [21, 21, 21, 29, 29, 29, 259, 287] - [2993, 2993] - 0
5300 - [287, 399] - [2993, 2993] - 0
5310 - [5, 21, 21, 259, 399] - [29, 2993, 2993] - 0
5320 - [29, 259, 399] - [21, 2993, 2993] - 0
5330 - [287, 399] - [29, 2993, 2993] - 1
5340 - [21, 21, 29, 29, 259, 287] - [2993, 2993] - 0
5350 - [287, 399] - [21, 29, 2993, 2993] - 0
5360 - [5, 21, 259, 399] - [29, 29, 2993, 2993] - 0
5370 - [259, 399] - [21, 21, 2993, 2993] - 0
5380 - [5, 259, 399] - [29, 29, 2993, 2993] - -1
5390 - [21, 29, 259, 287] - [2993, 2993] - 0
5400 - [287, 399] - [21, 21, 29, 29, 2993, 2993] - 0
5410 - [5, 259, 399] - [29, 29, 29, 2993, 2993] - 0
5420 - [259, 399] - [5, 29, 29, 29, 2993, 2993] - 0
5430 - [5, 21, 21, 21, 259, 287] - [29, 29, 2993, 2993] - 0
5440 - [259, 287] - [2993, 2993] - 0
5450 - [29, 29, 259, 287] - [5, 21, 21, 21, 2993, 2993] - 0
5460 - [5, 21, 21, 21, 29, 29, 29, 259, 399] - [287, 2993, 2993] - 0
5470 - [21, 21, 21, 29, 29, 29, 259, 399] - [5, 287, 2993, 2993] - 0
5480 - [21, 29, 29, 287, 399] - [259, 2993, 2993] - 0
5490 - [259, 287] - [21, 29, 2993, 2993] - 0
5500 - [29, 29, 29, 399] - [2993, 2993] - 0
5510 - [5, 21, 21, 29, 29, 259, 399] - [287, 2993, 2993] - 0
5520 - [21, 21, 29, 29, 259, 399] - [5, 287, 2993, 2993] - 0
5530 - [29, 287, 399] - [259, 2993, 2993] - 0
5540 - [5, 21, 21, 399] - [2993, 2993] - 0
5550 - [21, 21, 399] - [5, 2993, 2993] - 0
5560 - [5, 21, 29, 259, 399] - [287, 2993, 2993] - 0
5570 - [21, 21, 29, 29, 29, 287] - [2993, 2993] - 0
5580 - [287, 399] - [21, 259, 2993, 2993] - 0
5590 - [5, 21, 399] - [29, 2993, 2993] - 0
5600 - [21, 399] - [5, 29, 2993, 2993] - 0
5610 - [5, 259, 399] - [287, 2993, 2993] - 0
5620 - [21, 29, 29, 287] - [2993, 2993] - 0
5630 - [5, 21, 21, 21, 29, 259] - [2993, 2993] - 0
5640 - [29, 29, 29, 259] - [2993, 2993] - 0
5650 - [399] - [5, 29, 29, 2993, 2993] - 0
5660 - [5, 21, 21, 21, 287] - [29, 2993, 2993] - 0
5670 - [29, 287] - [2993, 2993] - 0
5680 - [5, 21, 21, 259] - [2993, 2993] - 0
5690 - [21, 21, 259] - [5, 2993, 2993] - 0
5700 - [399] - [5, 21, 29, 29, 29, 2993, 2993] - 0
5710 - [5, 21, 21, 287] - [29, 29, 2993, 2993] - 0
5720 - [287] - [21, 2993, 2993] - 0
5730 - [5, 21, 259] - [29, 2993, 2993] - 0
5740 - [21, 259] - [5, 29, 2993, 2993] - 0
5750 - [21, 21, 29, 29, 29, 399] - [5, 287, 2993, 2993] - 0
5760 - [21, 29, 29, 259, 287] - [399, 2993, 2993] - 0
5770 - [287] - [21, 21, 29, 2993, 2993] - 0
5780 - [5, 259] - [29, 29, 2993, 2993] - 0
5790 - [259] - [5, 29, 29, 2993, 2993] - 0
5800 - [21, 29, 29, 399] - [5, 287, 2993, 2993] - 0
5810 - [29, 259, 287] - [399, 2993, 2993] - 0
5820 - [5, 21, 399] - [259, 2993, 2993] - 0
5830 - [21, 399] - [5, 259, 2993, 2993] - 0
5840 - [5, 29, 399] - [287, 2993, 2993] - 0
5850 - [29, 399] - [5, 287, 2993, 2993] - 0
5860 - [259, 287] - [21, 399, 2993, 2993] - 0
5870 - [5, 399] - [29, 259, 2993, 2993] - 0
5880 - [399] - [5, 29, 259, 2993, 2993] - 0
5890 - [5, 399] - [21, 287, 2993, 2993] - 0
5900 - [29, 29, 287] - [259, 2993, 2993] - 0
5910 - [5, 21, 21, 29] - [2993, 2993] - 0
5920 - [21, 21, 29] - [5, 2993, 2993] - 0
5930 - [5, 21, 29, 29, 259] - [287, 2993, 2993] - 0
5940 - [21, 29, 29, 259] - [5, 287, 2993, 2993] - 0
5950 - [29, 287] - [21, 259, 2993, 2993] - 0
5960 - [5, 21] - [2993, 2993] - 0
5970 - [21] - [5, 2993, 2993] - 0
5980 - [5, 29, 259] - [287, 2993, 2993] - 0
5990 - [29, 259] - [5, 287, 2993, 2993] - 0
6000 - [287] - [21, 21, 259, 2993, 2993] - 0
6010 - [5] - [29, 2993, 2993] - 0
6020 - [] - [5, 29, 2993, 2993] - 0
6030 - [5, 259] - [21, 287, 2993, 2993] - 0
6040 - [29, 29, 287] - [399, 2993, 2993] - 0
6050 - [5, 21, 21, 29, 259] - [399, 2993, 2993] - 0
6060 - [5] - [21, 29, 29, 2993, 2993] - 0
6070 - [] - [5, 21, 29, 29, 2993, 2993] - 0
6080 - [5, 21, 21, 287] - [29, 399, 2993, 2993] - 0
6090 - [29, 287] - [21, 399, 2993, 2993] - 0
6100 - [5, 21, 259] - [399, 2993, 2993] - 0
6110 - [21, 259] - [5, 399, 2993, 2993] - 0
6120 - [] - [5, 21, 21, 29, 29, 29, 2993, 2993] - 0
6130 - [5, 21, 287] - [29, 29, 399, 2993, 2993] - 0
6140 - [287] - [21, 21, 399, 2993, 2993] - 0
6150 - [5, 259] - [29, 399, 2993, 2993] - 0
6160 - [259] - [5, 29, 399, 2993, 2993] - 0
6170 - [21, 29, 29, 29] - [5, 287, 2993, 2993] - 0
6180 - [5, 287] - [29, 29, 29, 399, 2993, 2993] - 0
6190 - [5, 21, 29] - [259, 2993, 2993] - 0
6200 - [21, 29] - [5, 259, 2993, 2993] - 0
6210 - [21, 21, 21] - [287, 2993, 2993] - 0
6220 - [29, 29] - [5, 287, 2993, 2993] - 0
6230 - [5, 21, 21, 21, 29, 29, 29] - [399, 2993, 2993] - 0
6240 - [5] - [259, 2993, 2993] - 0
6250 - [] - [5, 259, 2993, 2993] - 0
6260 - [21, 21] - [29, 287, 2993, 2993] - 0
6270 - [29] - [5, 21, 287, 2993, 2993] - 0
6280 - [5, 21, 21, 29, 29] - [399, 2993, 2993] - 0
6290 - [5] - [21, 29, 259, 2993, 2993] - 0
6300 - [] - [5, 21, 29, 259, 2993, 2993] - 0
6310 - [21] - [29, 29, 287, 2993, 2993] - 0
6320 - [] - [5, 21, 21, 287, 2993, 2993] - 0
6330 - [5, 21, 29] - [399, 2993, 2993] - 0
6340 - [21, 29] - [5, 399, 2993, 2993] - 0
6350 - [21, 21, 21, 259] - [287, 399, 2993, 2993] - 0
6360 - [] - [29, 29, 29, 287, 2993, 2993] - 0
6370 - [21, 287] - [5, 29, 259, 399, 2993, 2993] - 0
6380 - [5] - [399, 2993, 2993] - 0
6390 - [] - [5, 399, 2993, 2993] - 0
6400 - [21, 21, 259] - [29, 287, 399, 2993, 2993] - 0
6410 - [29, 259] - [5, 21, 287, 399, 2993, 2993] - 0
6420 - [287] - [5, 29, 29, 259, 399, 2993, 2993] - 0
6430 - [5] - [21, 29, 399, 2993, 2993] - 0
6440 - [] - [5, 21, 29, 399, 2993, 2993] - 0
6450 - [21, 259] - [29, 29, 287, 399, 2993, 2993] - 0
6460 - [259] - [5, 21, 21, 287, 399, 2993, 2993] - 0
6470 - [287] - [5, 21, 29, 29, 29, 259, 399, 2993, 2993] - 0
6480 - [5] - [21, 21, 29, 29, 399, 2993, 2993] - 0
6490 - [21, 21] - [259, 287, 2993, 2993] - 0
6500 - [259] - [29, 29, 29, 287, 399, 2993, 2993] - 0
6510 - [259] - [5, 21, 21, 21, 29, 287, 399, 2993, 2993] - 0
6520 - [21, 21, 29, 29, 29] - [5, 259, 399, 2993, 2993] - 0
6530 - [5] - [21, 21, 21, 29, 29, 29, 399, 2993, 2993] - 0
6540 - [21] - [29, 259, 287, 2993, 2993] - 0
6550 - [29] - [5, 21, 21, 259, 287, 2993, 2993] - 0
6560 - [5, 21, 29, 29] - [259, 399, 2993, 2993] - 0
6570 - [21, 29, 29] - [5, 259, 399, 2993, 2993] - 0
6580 - [21, 21, 21, 29] - [287, 399, 2993, 2993] - 0
6590 - [] - [29, 29, 259, 287, 2993, 2993] - 0
6600 - [] - [5, 21, 21, 21, 259, 287, 2993, 2993] - 0
6610 - [5, 29] - [259, 399, 2993, 2993] - 0
6620 - [29] - [5, 259, 399, 2993, 2993] - 0
6630 - [21, 21] - [287, 399, 2993, 2993] - 0
6640 - [29, 29] - [5, 21, 287, 399, 2993, 2993] - 0
6650 - [21] - [287, 399, 2993, 2993] - -1
6660 - [5] - [21, 259, 399, 2993, 2993] - 0
6670 - [] - [5, 21, 259, 399, 2993, 2993] - 0
6680 - [21] - [29, 287, 399, 2993, 2993] - 0
6690 - [29] - [5, 21, 21, 287, 399, 2993, 2993] - 0
6700 - [] - [29, 287, 399, 2993, 2993] - -1
6710 - [21] - [29, 29, 29, 259, 399, 2993, 2993] - 0
6720 - [] - [5, 21, 21, 29, 259, 399, 2993, 2993] - 0
6730 - [] - [29, 29, 287, 399, 2993, 2993] - 0
6740 - [] - [5, 21, 21, 21, 287, 399, 2993, 2993] - 0
6750 - [] - [21, 29, 29, 287, 399, 2993, 2993] - -1
6760 - [5] - [21, 21, 21, 29, 29, 259, 399, 2993, 2993] - 0
6770 - [] - [5, 21, 21, 21, 29, 29, 259, 399, 2993, 2993] - 0
6780 - [] - [21, 29, 29, 29, 287, 399, 2993, 2993] - 0
6790 - [5] - [21, 21, 21, 29, 29, 29, 259, 399, 2993, 2993] - 1
6800 - [] - [21, 21, 29, 29, 29, 287, 399, 2993, 2993] - -1
6810 - [21, 21, 21, 29, 29] - [259, 287, 399, 2993, 2993] - 0
6820 - [5, 21, 29, 29, 29] - [259, 287, 399, 2993, 2993] - 2
6830 - [21, 21, 29, 29] - [259, 287, 399, 2993, 2993] - -1
6840 - [21, 21, 21, 29] - [259, 287, 399, 2993, 2993] - 1
6850 - [29, 29, 29] - [5, 259, 287, 399, 2993, 2993] - 1
6860 - [21, 21, 29] - [259, 287, 399, 2993, 2993] - 0
6870 - [29, 29, 29] - [5, 21, 259, 287, 399, 2993, 2993] - 0
6880 - [21, 29] - [259, 287, 399, 2993, 2993] - -1
6890 - [21, 21] - [259, 287, 399, 2993, 2993] - 1
6900 - [29, 29] - [5, 21, 259, 287, 399, 2993, 2993] - 1
6910 - [21] - [259, 287, 399, 2993, 2993] - 0
6920 - [29, 29] - [5, 21, 21, 259, 287, 399, 2993, 2993] - 0
6930 - [] - [259, 287, 399, 2993, 2993] - -1
6940 - [21] - [29, 259, 287, 399, 2993, 2993] - 1
6950 - [5, 21, 21, 21] - [29, 29, 29, 259, 287, 399, 2993, 2993] - 0
6960 - [] - [29, 259, 287, 399, 2993, 2993] - 0
6970 - [29] - [5, 21, 21, 21, 259, 287, 399, 2993, 2993] - 0
6980 - [] - [21, 29, 259, 287, 399, 2993, 2993] - -1
6990 - [] - [29, 29, 259, 287, 399, 2993, 2993] - 1
7000 - [] - [5, 21, 21, 21, 259, 287, 399, 2993, 2993] - 1
7010 - [] - [21, 29, 29, 259, 287, 399, 2993, 2993] - 0
7020 - [] - [29, 29, 29, 259, 287, 399, 2993, 2993] - 2
7030 - [] - [21, 21, 29, 29, 259, 287, 399, 2993, 2993] - -1
7040 - [] - [21, 29, 29, 29, 259, 287, 399, 2993, 2993] - 1
7050 - [] - [21, 21, 21, 29, 29, 259, 287, 399, 2993, 2993] - -2
7060 - [] - [21, 21, 29, 29, 29, 259, 287, 399, 2993, 2993] - 0
7070 - [] - [5, 21, 21, 29, 29, 29, 259, 287, 399, 2993, 2993] - 5
7080 - [] - [21, 21, 21, 29, 29, 29, 259, 287, 399, 2993, 2993] - -1
7090 - [] - [5, 21, 21, 21, 29, 29, 29, 259, 287, 399, 2993, 2993] - 4
7100 - [] - [5, 21, 21, 21, 29, 29, 29, 259, 287, 399, 2993, 2993] - 14
7110 - [] - [5, 21, 21, 21, 29, 29, 29, 259, 287, 399, 2993, 2993] - 24
7120 - [] - [5, 21, 21, 21, 29, 29, 29, 259, 287, 399, 2993, 2993] - 34
7130 - [] - [5, 21, 21, 21, 29, 29, 29, 259, 287, 399, 2993, 2993] - 44
7140 - [] - [5, 21, 21, 21, 29, 29, 29, 259, 287, 399, 2993, 2993] - 54
7150 - [] - [5, 21, 21, 21, 29, 29, 29, 259, 287, 399, 2993, 2993] - 64
7160 - [] - [5, 21, 21, 21, 29, 29, 29, 259, 287, 399, 2993, 2993] - 74
7170 - [] - [5, 21, 21, 21, 29, 29, 29, 259, 287, 399, 2993, 2993] - 84
7180 - [] - [5, 21, 21, 21, 29, 29, 29, 259, 287, 399, 2993, 2993] - 94
7190 - [] - [5, 21, 21, 21, 29, 29, 29, 259, 287, 399, 2993, 2993] - 104
7200 - [] - [5, 21, 21, 21, 29, 29, 29, 259, 287, 399, 2993, 2993] - 114
7210 - [] - [5, 21, 21, 21, 29, 29, 29, 259, 287, 399, 2993, 2993] - 124
7220 - [] - [5, 21, 21, 21, 29, 29, 29, 259, 287, 399, 2993, 2993] - 134
7230 - [] - [5, 21, 21, 21, 29, 29, 29, 259, 287, 399, 2993, 2993] - 144
7240 - [] - [5, 21, 21, 21, 29, 29, 29, 259, 287, 399, 2993, 2993] - 154
7250 - [] - [5, 21, 21, 21, 29, 29, 29, 259, 287, 399, 2993, 2993] - 164
7260 - [] - [5, 21, 21, 21, 29, 29, 29, 259, 287, 399, 2993, 2993] - 174
7270 - [] - [5, 21, 21, 21, 29, 29, 29, 259, 287, 399, 2993, 2993] - 184
7280 - [] - [5, 21, 21, 21, 29, 29, 29, 259, 287, 399, 2993, 2993] - 194
7290 - [] - [5, 21, 21, 21, 29, 29, 29, 259, 287, 399, 2993, 2993] - 204
7300 - [] - [5, 21, 21, 21, 29, 29, 29, 259, 287, 399, 2993, 2993] - 214
7310 - [] - [5, 21, 21, 21, 29, 29, 29, 259, 287, 399, 2993, 2993] - 224
7320 - [] - [5, 21, 21, 21, 29, 29, 29, 259, 287, 399, 2993, 2993] - 234
7330 - [] - [5, 21, 21, 21, 29, 29, 29, 259, 287, 399, 2993, 2993] - 244
7340 - [] - [5, 21, 21, 21, 29, 29, 29, 259, 287, 399, 2993, 2993] - 254
7350 - [] - [5, 21, 21, 21, 29, 29, 29, 259, 287, 399, 2993, 2993] - 264
7360 - [] - [5, 21, 21, 21, 29, 29, 29, 259, 287, 399, 2993, 2993] - 274
7370 - [] - [5, 21, 21, 21, 29, 29, 29, 259, 287, 399, 2993, 2993] - 284
7380 - [] - [5, 21, 21, 21, 29, 29, 29, 259, 287, 399, 2993, 2993] - 294
7390 - [] - [5, 21, 21, 21, 29, 29, 29, 259, 287, 399, 2993, 2993] - 304
7400 - [] - [5, 21, 21, 21, 29, 29, 29, 259, 287, 399, 2993, 2993] - 314
7410 - [] - [5, 21, 21, 21, 29, 29, 29, 259, 287, 399, 2993, 2993] - 324
7420 - [] - [5, 21, 21, 21, 29, 29, 29, 259, 287, 399, 2993, 2993] - 334
7430 - [] - [5, 21, 21, 21, 29, 29, 29, 259, 287, 399, 2993, 2993] - 344
7440 - [] - [5, 21, 21, 21, 29, 29, 29, 259, 287, 399, 2993, 2993] - 354
7450 - [] - [5, 21, 21, 21, 29, 29, 29, 259, 287, 399, 2993, 2993] - 364
7460 - [] - [5, 21, 21, 21, 29, 29, 29, 259, 287, 399, 2993, 2993] - 374
7470 - [] - [5, 21, 21, 21, 29, 29, 29, 259, 287, 399, 2993, 2993] - 384
7480 - [] - [5, 21, 21, 21, 29, 29, 29, 259, 287, 399, 2993, 2993] - 394
7490 - [5, 21, 21, 21, 29, 29, 29, 259, 287, 399] - [2993, 2993, 2993] - -389
7500 - [5, 21, 21, 21, 29, 29, 29, 259, 287, 399] - [2993, 2993, 2993] - -379
7510 - [5, 21, 21, 21, 29, 29, 29, 259, 287, 399] - [2993, 2993, 2993] - -369
7520 - [5, 21, 21, 21, 29, 29, 29, 259, 287, 399] - [2993, 2993, 2993] - -359
7530 - [5, 21, 21, 21, 29, 29, 29, 259, 287, 399] - [2993, 2993, 2993] - -349
7540 - [5, 21, 21, 21, 29, 29, 29, 259, 287, 399] - [2993, 2993, 2993] - -339
7550 - [5, 21, 21, 21, 29, 29, 29, 259, 287, 399] - [2993, 2993, 2993] - -329
7560 - [5, 21, 21, 21, 29, 29, 29, 259, 287, 399] - [2993, 2993, 2993] - -319
7570 - [5, 21, 21, 21, 29, 29, 29, 259, 287, 399] - [2993, 2993, 2993] - -309
7580 - [5, 21, 21, 21, 29, 29, 29, 259, 287, 399] - [2993, 2993, 2993] - -299
7590 - [5, 21, 21, 21, 29, 29, 29, 259, 287, 399] - [2993, 2993, 2993] - -289
7600 - [5, 21, 21, 21, 29, 29, 29, 259, 287, 399] - [2993, 2993, 2993] - -279
7610 - [5, 21, 21, 21, 29, 29, 29, 259, 287, 399] - [2993, 2993, 2993] - -269
7620 - [5, 21, 21, 21, 29, 29, 29, 259, 287, 399] - [2993, 2993, 2993] - -259
7630 - [5, 21, 21, 21, 29, 29, 29, 259, 287, 399] - [2993, 2993, 2993] - -249
7640 - [5, 21, 21, 21, 29, 29, 29, 259, 287, 399] - [2993, 2993, 2993] - -239
7650 - [5, 21, 21, 21, 29, 29, 29, 259, 287, 399] - [2993, 2993, 2993] - -229
7660 - [5, 21, 21, 21, 29, 29, 29, 259, 287, 399] - [2993, 2993, 2993] - -219
7670 - [5, 21, 21, 21, 29, 29, 29, 259, 287, 399] - [2993, 2993, 2993] - -209
7680 - [5, 21, 21, 21, 29, 29, 29, 259, 287, 399] - [2993, 2993, 2993] - -199
7690 - [5, 21, 21, 21, 29, 29, 29, 259, 287, 399] - [2993, 2993, 2993] - -189
7700 - [5, 21, 21, 21, 29, 29, 29, 259, 287, 399] - [2993, 2993, 2993] - -179
7710 - [5, 21, 21, 21, 29, 29, 29, 259, 287, 399] - [2993, 2993, 2993] - -169
7720 - [5, 21, 21, 21, 29, 29, 29, 259, 287, 399] - [2993, 2993, 2993] - -159
7730 - [5, 21, 21, 21, 29, 29, 29, 259, 287, 399] - [2993, 2993, 2993] - -149
7740 - [5, 21, 21, 21, 29, 29, 29, 259, 287, 399] - [2993, 2993, 2993] - -139
7750 - [5, 21, 21, 21, 29, 29, 29, 259, 287, 399] - [2993, 2993, 2993] - -129
7760 - [5, 21, 21, 21, 29, 29, 29, 259, 287, 399] - [2993, 2993, 2993] - -119
7770 - [5, 21, 21, 21, 29, 29, 29, 259, 287, 399] - [2993, 2993, 2993] - -109
7780 - [5, 21, 21, 21, 29, 29, 29, 259, 287, 399] - [2993, 2993, 2993] - -99
7790 - [5, 21, 21, 21, 29, 29, 29, 259, 287, 399] - [2993, 2993, 2993] - -89
7800 - [5, 21, 21, 21, 29, 29, 29, 259, 287, 399] - [2993, 2993, 2993] - -79
7810 - [5, 21, 21, 21, 29, 29, 29, 259, 287, 399] - [2993, 2993, 2993] - -69
7820 - [5, 21, 21, 21, 29, 29, 29, 259, 287, 399] - [2993, 2993, 2993] - -59
7830 - [5, 21, 21, 21, 29, 29, 29, 259, 287, 399] - [2993, 2993, 2993] - -49
7840 - [5, 21, 21, 21, 29, 29, 29, 259, 287, 399] - [2993, 2993, 2993] - -39
7850 - [5, 21, 21, 21, 29, 29, 29, 259, 287, 399] - [2993, 2993, 2993] - -29
7860 - [5, 21, 21, 21, 29, 29, 29, 259, 287, 399] - [2993, 2993, 2993] - -19
7870 - [5, 21, 21, 21, 29, 29, 29, 259, 287, 399] - [2993, 2993, 2993] - -9
7880 - [5, 21, 21, 21, 29, 29, 29, 259, 287, 399] - [2993, 2993, 2993] - 1
7890 - [21, 21, 21, 29, 29, 29, 259, 287, 399] - [5, 2993, 2993, 2993] - 1
7900 - [5, 21, 21, 29, 29, 29, 259, 287, 399] - [2993, 2993, 2993] - 0
7910 - [21, 21, 29, 29, 29, 259, 287, 399] - [5, 2993, 2993, 2993] - 0
7920 - [5, 21, 29, 29, 29, 259, 287, 399] - [2993, 2993, 2993] - -1
7930 - [5, 21, 21, 29, 29, 259, 287, 399] - [2993, 2993, 2993] - 1
7940 - [21, 21, 29, 29, 259, 287, 399] - [5, 2993, 2993, 2993] - 1
7950 - [5, 21, 29, 29, 259, 287, 399] - [2993, 2993, 2993] - 0
7960 - [21, 29, 29, 259, 287, 399] - [5, 2993, 2993, 2993] - 0
7970 - [21, 21, 21, 259, 287, 399] - [2993, 2993, 2993] - -1
7980 - [5, 21, 29, 259, 287, 399] - [2993, 2993, 2993] - 1
7990 - [21, 29, 259, 287, 399] - [5, 2993, 2993, 2993] - 1
8000 - [5, 29, 259, 287, 399] - [2993, 2993, 2993] - 0
8010 - [29, 259, 287, 399] - [5, 2993, 2993, 2993] - 0
8020 - [21, 21, 259, 287, 399] - [29, 2993, 2993, 2993] - -1
8030 - [5, 259, 287, 399] - [2993, 2993, 2993] - 1
8040 - [259, 287, 399] - [5, 2993, 2993, 2993] - 1
8050 - [5, 259, 287, 399] - [21, 2993, 2993, 2993] - 0
8060 - [259, 287, 399] - [5, 21, 2993, 2993, 2993] - 0
8070 - [21, 259, 287, 399] - [29, 29, 2993, 2993, 2993] - -1
8080 - [5, 259, 287, 399] - [21, 29, 2993, 2993, 2993] - 1
8090 - [259, 287, 399] - [5, 21, 29, 2993, 2993, 2993] - 1
8100 - [21, 259, 287, 399] - [29, 29, 29, 2993, 2993, 2993] - 0
8110 - [259, 287, 399] - [5, 21, 21, 29, 2993, 2993, 2993] - 0
8120 - [259, 287, 399] - [29, 29, 29, 2993, 2993, 2993] - -1
8130 - [5, 259, 287, 399] - [21, 21, 29, 29, 2993, 2993, 2993] - 1
8140 - [259, 287, 399] - [5, 21, 21, 29, 29, 2993, 2993, 2993] - 1
8150 - [5, 259, 287, 399] - [21, 21, 21, 29, 29, 2993, 2993, 2993] - 0
8160 - [259, 287, 399] - [5, 21, 21, 21, 29, 29, 2993, 2993, 2993] - 0
8170 - [21, 21, 21, 29, 29, 29, 259, 399] - [2993, 2993, 2993] - -1
8180 - [5, 21, 29, 29, 29, 287, 399] - [2993, 2993, 2993] - 0
8190 - [21, 29, 29, 29, 287, 399] - [5, 2993, 2993, 2993] - 0
8200 - [21, 21, 21, 29, 29, 259, 399] - [2993, 2993, 2993] - 0
8210 - [5, 21, 29, 29, 287, 399] - [2993, 2993, 2993] - 1
8220 - [21, 21, 29, 29, 259, 399] - [2993, 2993, 2993] - -1
8230 - [21, 21, 21, 287, 399] - [2993, 2993, 2993] - 0
8240 - [29, 29, 287, 399] - [5, 2993, 2993, 2993] - 0
8250 - [21, 21, 29, 259, 399] - [2993, 2993, 2993] - 0
8260 - [29, 29, 29, 259, 399] - [5, 21, 2993, 2993, 2993] - 0
8270 - [21, 29, 259, 399] - [2993, 2993, 2993] - -1
8280 - [21, 21, 287, 399] - [29, 2993, 2993, 2993] - 0
8290 - [29, 287, 399] - [5, 21, 2993, 2993, 2993] - 0
8300 - [21, 259, 399] - [2993, 2993, 2993] - 0
8310 - [29, 29, 259, 399] - [5, 21, 21, 2993, 2993, 2993] - 0
8320 - [5, 21, 29, 29, 29, 259, 287] - [2993, 2993, 2993] - 0
8330 - [21, 287, 399] - [29, 29, 2993, 2993, 2993] - 0
8340 - [287, 399] - [5, 21, 21, 2993, 2993, 2993] - 0
8350 - [259, 399] - [29, 2993, 2993, 2993] - 0
8360 - [29, 259, 399] - [5, 21, 21, 21, 2993, 2993, 2993] - 0
8370 - [21, 21, 21, 259, 287] - [2993, 2993, 2993] - 0
8380 - [29, 29, 259, 287] - [5, 2993, 2993, 2993] - 0
8390 - [287, 399] - [5, 21, 21, 21, 29, 2993, 2993, 2993] - 0
8400 - [259, 399] - [21, 29, 29, 2993, 2993, 2993] - 0
8410 - [29, 259, 287] - [5, 2993, 2993, 2993] - 1
8420 - [21, 21, 259, 287] - [29, 2993, 2993, 2993] - 0
8430 - [29, 259, 287] - [5, 21, 2993, 2993, 2993] - 0
8440 - [21, 259, 287] - [29, 2993, 2993, 2993] - -1
8450 - [259, 399] - [21, 21, 29, 29, 29, 2993, 2993, 2993] - 0
8460 - [21, 21, 21, 29, 287, 399] - [259, 2993, 2993, 2993] - 0
8470 - [21, 259, 287] - [29, 29, 2993, 2993, 2993] - 0
8480 - [259, 287] - [5, 21, 21, 2993, 2993, 2993] - 0
8490 - [259, 287] - [29, 29, 2993, 2993, 2993] - -1
8500 - [21, 29, 29, 29, 259, 399] - [287, 2993, 2993, 2993] - 0
8510 - [21, 21, 287, 399] - [259, 2993, 2993, 2993] - 0
8520 - [259, 287] - [29, 29, 29, 2993, 2993, 2993] - 0
8530 - [21, 29, 399] - [2993, 2993, 2993] - 0
8540 - [5, 21, 21, 21, 259, 399] - [287, 2993, 2993, 2993] - 0
8550 - [29, 29, 259, 399] - [287, 2993, 2993, 2993] - 0
8560 - [21, 287, 399] - [29, 259, 2993, 2993, 2993] - 0
8570 - [21, 21, 21, 29, 29, 29, 259] - [2993, 2993, 2993] - 0
8580 - [399] - [2993, 2993, 2993] - 0
8590 - [5, 21, 21, 259, 399] - [29, 287, 2993, 2993, 2993] - 0
8600 - [21, 21, 21, 29, 287] - [2993, 2993, 2993] - 0
8610 - [29, 29, 29, 287] - [5, 2993, 2993, 2993] - 0
8620 - [21, 21, 29, 29, 259] - [2993, 2993, 2993] - 0
8630 - [399] - [21, 29, 2993, 2993, 2993] - 0
8640 - [5, 21, 259, 399] - [29, 29, 287, 2993, 2993, 2993] - 0
8650 - [21, 21, 287] - [2993, 2993, 2993] - 0
8660 - [29, 29, 287] - [5, 21, 2993, 2993, 2993] - 0
8670 - [21, 29, 259] - [2993, 2993, 2993] - 0
8680 - [399] - [21, 21, 29, 29, 2993, 2993, 2993] - 0
8690 - [5, 259, 399] - [29, 29, 29, 287, 2993, 2993, 2993] - 0
8700 - [21, 287] - [29, 2993, 2993, 2993] - 0
8710 - [29, 287] - [5, 21, 21, 2993, 2993, 2993] - 0
8720 - [259] - [2993, 2993, 2993] - 0
8730 - [29, 29, 259] - [5, 21, 21, 21, 2993, 2993, 2993] - 0
8740 - [21, 21, 21, 29, 259, 287] - [399, 2993, 2993, 2993] - 0
8750 - [287] - [29, 29, 2993, 2993, 2993] - 0
8760 - [287] - [5, 21, 21, 21, 2993, 2993, 2993] - 0
8770 - [259] - [21, 29, 2993, 2993, 2993] - 0
8780 - [29, 29, 29, 399] - [287, 2993, 2993, 2993] - 0
8790 - [21, 21, 259, 287] - [399, 2993, 2993, 2993] - 0
8800 - [287] - [21, 29, 29, 29, 2993, 2993, 2993] - 0
8810 - [29, 399] - [259, 2993, 2993, 2993] - 0
8820 - [259] - [21, 21, 29, 29, 2993, 2993, 2993] - 0
8830 - [21, 21, 399] - [5, 287, 2993, 2993, 2993] - 0
8840 - [21, 259, 287] - [29, 399, 2993, 2993, 2993] - 0
8850 - [21, 21, 29, 29, 29] - [2993, 2993, 2993] - 0
8860 - [399] - [21, 259, 2993, 2993, 2993] - 0
8870 - [5, 21, 399] - [29, 287, 2993, 2993, 2993] - 0
8880 - [21, 21, 29, 287] - [259, 2993, 2993, 2993] - 0
8890 - [259, 287] - [29, 29, 399, 2993, 2993, 2993] - 0
8900 - [21, 29, 29] - [2993, 2993, 2993] - 0
8910 - [399] - [21, 21, 29, 259, 2993, 2993, 2993] - 0
8920 - [29, 29, 29, 259] - [287, 2993, 2993, 2993] - 0
8930 - [21, 287] - [259, 2993, 2993, 2993] - 0
8940 - [5, 21, 21, 21] - [29, 2993, 2993, 2993] - 0
8950 - [29] - [2993, 2993, 2993] - 0
8960 - [5, 21, 21, 259] - [287, 2993, 2993, 2993] - 0
8970 - [21, 21, 259] - [5, 287, 2993, 2993, 2993] - 0
8980 - [287] - [29, 259, 2993, 2993, 2993] - 0
8990 - [5, 21, 21] - [29, 29, 2993, 2993, 2993] - 0
9000 - [] - [21, 2993, 2993, 2993] - 0
9010 - [5, 21, 259] - [29, 287, 2993, 2993, 2993] - 0
9020 - [21, 21, 29, 287] - [399, 2993, 2993, 2993] - 0
9030 - [287] - [21, 29, 29, 259, 2993, 2993, 2993] - 0
9040 - [21, 29, 29, 259] - [399, 2993, 2993, 2993] - 0
9050 - [] - [21, 21, 29, 2993, 2993, 2993] - 0
9060 - [5, 259] - [29, 29, 287, 2993, 2993, 2993] - 0
9070 - [21, 287] - [399, 2993, 2993, 2993] - 0
9080 - [5, 21, 21, 21, 259] - [29, 399, 2993, 2993, 2993] - 0
9090 - [29, 259] - [399, 2993, 2993, 2993] - 0
9100 - [] - [21, 21, 21, 29, 29, 2993, 2993, 2993] - 0
9110 - [21, 399] - [5, 259, 287, 2993, 2993, 2993] - 0
9120 - [287] - [29, 399, 2993, 2993, 2993] - 0
9130 - [21, 29, 29, 29] - [259, 2993, 2993, 2993] - 0
9140 - [259] - [21, 399, 2993, 2993, 2993] - 0
9150 - [5, 399] - [29, 259, 287, 2993, 2993, 2993] - 0
9160 - [399] - [5, 29, 259, 287, 2993, 2993, 2993] - 0
9170 - [287] - [21, 29, 29, 399, 2993, 2993, 2993] - 0
9180 - [29, 29] - [259, 2993, 2993, 2993] - 0
9190 - [259] - [21, 21, 29, 399, 2993, 2993, 2993] - 0
9200 - [21, 21, 29] - [5, 287, 2993, 2993, 2993] - 0
9210 - [399] - [5, 21, 29, 29, 259, 287, 2993, 2993, 2993] - 0
9220 - [5, 21, 21] - [29, 259, 2993, 2993, 2993] - 0
9230 - [29] - [21, 259, 2993, 2993, 2993] - 0
9240 - [5, 21] - [287, 2993, 2993, 2993] - 0
9250 - [21] - [5, 287, 2993, 2993, 2993] - 0
9260 - [399] - [5, 21, 21, 29, 29, 29, 259, 287, 2993, 2993, 2993] - 0
9270 - [21, 29, 29, 29] - [399, 2993, 2993, 2993] - 0
9280 - [] - [21, 21, 259, 2993, 2993, 2993] - 0
9290 - [5] - [29, 287, 2993, 2993, 2993] - 0
9300 - [] - [5, 29, 287, 2993, 2993, 2993] - 0
9310 - [5, 21, 21, 21] - [399, 2993, 2993, 2993] - 0
9320 - [29, 29] - [399, 2993, 2993, 2993] - 0
9330 - [] - [5, 29, 29, 29, 259, 2993, 2993, 2993] - 0
9340 - [5] - [21, 29, 29, 287, 2993, 2993, 2993] - 0
9350 - [287] - [259, 399, 2993, 2993, 2993] - 0
9360 - [5, 21, 21] - [29, 399, 2993, 2993, 2993] - 0
9370 - [29] - [21, 399, 2993, 2993, 2993] - 0
9380 - [5, 21, 259] - [287, 399, 2993, 2993, 2993] - 0
9390 - [21, 259] - [5, 287, 399, 2993, 2993, 2993] - 0
9400 - [287] - [21, 29, 259, 399, 2993, 2993, 2993] - 0
9410 - [5, 21] - [29, 29, 399, 2993, 2993, 2993] - 0
9420 - [] - [21, 21, 399, 2993, 2993, 2993] - 0
9430 - [5, 259] - [29, 287, 399, 2993, 2993, 2993] - 0
9440 - [259] - [5, 29, 287, 399, 2993, 2993, 2993] - 0
9450 - [287] - [21, 21, 29, 29, 259, 399, 2993, 2993, 2993] - 0
9460 - [5] - [29, 29, 29, 399, 2993, 2993, 2993] - 0
9470 - [] - [5, 29, 29, 29, 399, 2993, 2993, 2993] - 0
9480 - [21, 29] - [5, 259, 287, 2993, 2993, 2993] - 0
9490 - [259] - [5, 21, 29, 29, 287, 399, 2993, 2993, 2993] - 0
9500 - [287] - [21, 21, 21, 29, 29, 29, 259, 399, 2993, 2993, 2993] - 0
9510 - [5, 21, 21, 21, 29, 29, 29] - [287, 399, 2993, 2993, 2993] - 0
9520 - [5] - [259, 287, 2993, 2993, 2993] - 0
9530 - [] - [5, 259, 287, 2993, 2993, 2993] - 0
9540 - [5, 21, 21, 21, 29] - [259, 399, 2993, 2993, 2993] - 0
9550 - [29, 29, 29] - [259, 399, 2993, 2993, 2993] - 0
9560 - [5, 21, 21, 29, 29] - [287, 399, 2993, 2993, 2993] - 0
9570 - [5] - [21, 29, 259, 287, 2993, 2993, 2993] - 0
9580 - [] - [5, 21, 29, 259, 287, 2993, 2993, 2993] - 0
9590 - [5, 21, 21] - [259, 399, 2993, 2993, 2993] - 0
9600 - [21, 21] - [5, 259, 399, 2993, 2993, 2993] - 0
9610 - [5, 21, 29] - [287, 399, 2993, 2993, 2993] - 0
9620 - [21, 29] - [5, 287, 399, 2993, 2993, 2993] - 0
9630 - [] - [5, 21, 21, 29, 29, 259, 287, 2993, 2993, 2993] - 0
9640 - [5, 21] - [29, 259, 399, 2993, 2993, 2993] - 0
9650 - [21] - [5, 29, 259, 399, 2993, 2993, 2993] - 0
9660 - [5] - [287, 399, 2993, 2993, 2993] - 0
9670 - [] - [5, 287, 399, 2993, 2993, 2993] - 0
9680 - [] - [5, 21, 21, 21, 29, 29, 29, 259, 287, 2993, 2993, 2993] - 0
9690 - [5] - [29, 29, 259, 399, 2993, 2993, 2993] - 0
9700 - [] - [5, 29, 29, 259, 399, 2993, 2993, 2993] - 0
9710 - [5] - [21, 29, 287, 399, 2993, 2993, 2993] - 0
9720 - [] - [5, 21, 29, 287, 399, 2993, 2993, 2993] - 0
9730 - [21] - [29, 29, 29, 287, 399, 2993, 2993, 2993] - -1
9740 - [5] - [21, 29, 29, 29, 259, 399, 2993, 2993, 2993] - 0
9750 - [] - [5, 21, 29, 29, 29, 259, 399, 2993, 2993, 2993] - 0
9760 - [5] - [21, 21, 29, 29, 287, 399, 2993, 2993, 2993] - 0
9770 - [] - [5, 21, 21, 29, 29, 287, 399, 2993, 2993, 2993] - 0
9780 - [5] - [21, 21, 21, 29, 29, 287, 399, 2993, 2993, 2993] - -1
9790 - [5, 21, 21, 29, 29, 29] - [259, 287, 399, 2993, 2993, 2993] - 0
9800 - [21, 21, 29, 29, 29] - [5, 259, 287, 399, 2993, 2993, 2993] - 0
9810 - [5] - [21, 21, 21, 29, 29, 29, 287, 399, 2993, 2993, 2993] - 0
9820 - [] - [5, 21, 21, 21, 29, 29, 29, 287, 399, 2993, 2993, 2993] - 0
9830 - [21, 21, 29, 29] - [5, 259, 287, 399, 2993, 2993, 2993] - 1
9840 - [5, 21, 29, 29] - [259, 287, 399, 2993, 2993, 2993] - 0
9850 - [21, 29, 29] - [5, 259, 287, 399, 2993, 2993, 2993] - 0
9860 - [21, 21, 21] - [259, 287, 399, 2993, 2993, 2993] - -1
9870 - [5, 21, 29] - [259, 287, 399, 2993, 2993, 2993] - 1
9880 - [21, 29] - [5, 259, 287, 399, 2993, 2993, 2993] - 1
9890 - [5, 29] - [259, 287, 399, 2993, 2993, 2993] - 0
9900 - [29] - [5, 259, 287, 399, 2993, 2993, 2993] - 0
9910 - [21, 21] - [29, 259, 287, 399, 2993, 2993, 2993] - -1
9920 - [5] - [259, 287, 399, 2993, 2993, 2993] - 1
9930 - [] - [5, 259, 287, 399, 2993, 2993, 2993] - 1
9940 - [5] - [21, 259, 287, 399, 2993, 2993, 2993] - 0
9950 - [] - [5, 21, 259, 287, 399, 2993, 2993, 2993] - 0
9960 - [21] - [29, 29, 259, 287, 399, 2993, 2993, 2993] - -1
9970 - [5] - [21, 29, 259, 287, 399, 2993, 2993, 2993] - 1
9980 - [] - [5, 21, 29, 259, 287, 399, 2993, 2993, 2993] - 1
9990 - [21] - [29, 29, 29, 259, 287, 399, 2993, 2993, 2993] - 0
10000 - [] - [5, 21, 21, 29, 259, 287, 399, 2993, 2993, 2993] - 0

