Gegenstand - links - rechts - Differenz
10 - [371] - [127, 127, 127] - 0
20 - [42, 42, 42, 371, 371, 371, 371, 371] - [2000] - 1
30 - [42, 42, 42, 371, 371, 371, 371, 371, 371] - [127, 127, 127, 2000] - 1
40 - [] - [42] - -2
50 - [42, 42, 127, 127, 127, 371, 371, 371, 371] - [2000] - -1
60 - [127, 371, 371, 371, 371, 371] - [42, 2000] - 0
70 - [371, 371, 371, 371, 371, 371] - [42, 127, 127, 2000] - 0
80 - [] - [42, 42] - -4
90 - [42, 127, 127, 127, 371, 371, 371, 371] - [2000] - -3
100 - [42, 42, 42, 2000] - [371, 371, 371, 371, 371, 371] - 0
110 - [42, 42, 42, 2000] - [127, 127, 127, 371, 371, 371, 371, 371] - 0
120 - [42, 42, 42, 127] - [371] - 2
130 - [42, 42, 42] - [127, 127] - 2
140 - [127, 2000] - [42, 371, 371, 371, 371, 371, 371] - -1
150 - [2000] - [42, 127, 127, 371, 371, 371, 371, 371] - -1
160 - [42, 42, 127] - [371] - 0
170 - [42, 42] - [127, 127] - 0
180 - [42, 42, 127, 127, 371, 371, 371, 371] - [2000] - 2
190 - [42, 42, 371, 371, 371, 371, 371] - [127, 2000] - 2
200 - [127, 127] - [42, 42, 371] - -1
210 - [] - [42, 42, 127] - -1
220 - [42, 127, 127, 371, 371, 371, 371] - [2000] - 0
230 - [42, 371, 371, 371, 371, 371] - [127, 2000] - 0
240 - [371, 371, 371, 371, 371, 371] - [42, 42, 127, 127, 127, 2000] - 1
250 - [] - [42, 42, 42, 127] - -3
260 - [127, 127, 127, 371, 371, 371, 371] - [42, 42, 42, 2000] - -1
270 - [371, 371, 371, 371, 371] - [42, 42, 42, 2000] - -1
280 - [371, 371, 371, 371, 371, 371] - [42, 42, 42, 127, 127, 127, 2000] - -1
290 - [42, 42] - [371] - 3
300 - [42, 42] - [127, 127, 127] - 3
310 - [2000] - [42, 42, 371, 371, 371, 371, 371, 371] - 0
320 - [2000] - [42, 42, 127, 127, 127, 371, 371, 371, 371, 371] - 0
330 - [42] - [371] - 1
340 - [42] - [127, 127, 127] - 1
350 - [2000] - [42, 42, 42, 371, 371, 371, 371, 371, 371] - -2
360 - [127, 127, 127] - [371, 371] - -1
370 - [127] - [42, 42, 42, 371] - 0
380 - [] - [42, 42, 42, 127, 127] - 0
390 - [42, 42, 42, 371, 371, 371, 371] - [2000] - 0
400 - [42, 42, 42, 371, 371, 371, 371, 371] - [127, 127, 127, 2000] - 0
410 - [] - [42, 371] - -3
420 - [42, 42, 127, 127, 127, 371, 371, 371] - [2000] - -2
430 - [127, 371, 371, 371, 371] - [42, 2000] - -1
440 - [371, 371, 371, 371, 371] - [42, 127, 127, 2000] - -1
450 - [42, 127, 127] - [371, 371] - 4
460 - [42] - [127, 371] - 4
470 - [127, 371, 371, 371, 371] - [42, 42, 2000] - -3
480 - [2000] - [127, 127, 371, 371, 371, 371, 371, 371] - 0
490 - [42, 42, 42, 127] - [371, 371] - 1
500 - [42, 42, 42] - [127, 127, 371] - 1
510 - [] - [42, 42, 42, 127, 127, 127] - 3
520 - [2000] - [42, 127, 127, 371, 371, 371, 371, 371, 371] - -2
530 - [127, 127] - [42, 371, 371] - 0
540 - [] - [42, 127, 371] - 0
550 - [42, 42, 127, 127, 371, 371, 371] - [2000] - 1
560 - [42, 42, 371, 371, 371, 371] - [127, 2000] - 1
570 - [127, 127] - [42, 42, 371, 371] - -2
580 - [] - [42, 42, 127, 371] - -2
590 - [127, 127, 127, 371, 371, 371] - [42, 42, 2000] - 0
600 - [371, 371, 371, 371] - [42, 42, 2000] - 0
610 - [371, 371, 371, 371, 371] - [42, 42, 127, 127, 127, 2000] - 0
620 - [42, 42, 42] - [371, 371] - 4
630 - [127, 127, 127, 371, 371, 371] - [42, 42, 42, 2000] - -2
640 - [371, 371, 371, 371] - [42, 42, 42, 2000] - -2
650 - [2000] - [42, 127, 127, 127, 371, 371, 371, 371, 371, 371] - 1
660 - [42, 42] - [371, 371] - 2
670 - [42, 42] - [127, 127, 127, 371] - 2
680 - [42, 42, 127, 371, 371, 371] - [2000] - 4
690 - [42, 127, 127, 127] - [371, 371, 371] - 0
700 - [42] - [371, 371] - 0
710 - [42] - [127, 127, 127, 371] - 0
720 - [42, 127, 371, 371, 371] - [2000] - 2
730 - [127, 127, 127] - [371, 371, 371] - -2
740 - [127] - [42, 42, 42, 371, 371] - -1
750 - [] - [42, 42, 42, 127, 127, 371] - -1
760 - [127, 371, 371, 371] - [2000] - 0
770 - [371, 371, 371, 371] - [127, 127, 2000] - 0
780 - [] - [42, 371, 371] - -4
790 - [42, 42, 127, 127, 127, 371, 371] - [2000] - -3
800 - [127, 371, 371, 371] - [42, 2000] - -2
810 - [371, 371, 371, 371] - [42, 127, 127, 2000] - -2
820 - [42, 127, 127] - [371, 371, 371] - 3
830 - [42] - [127, 371, 371] - 3
840 - [] - [42, 42, 127, 127, 127, 371] - 4
850 - [371, 371, 371, 371] - [42, 42, 127, 127, 2000] - -4
860 - [42, 42, 42, 127] - [371, 371, 371] - 0
870 - [42, 42, 42] - [127, 127, 371, 371] - 0
880 - [] - [42, 42, 42, 127, 127, 127, 371] - 2
890 - [42, 42, 42, 371, 371, 371] - [127, 2000] - 2
900 - [127, 127] - [42, 371, 371, 371] - -1
910 - [] - [42, 127, 371, 371] - -1
920 - [42, 42, 127, 127, 371, 371] - [2000] - 0
930 - [42, 42, 371, 371, 371] - [127, 2000] - 0
940 - [371, 371, 371, 371] - [42, 127, 127, 127, 2000] - 1
950 - [] - [42, 42, 127, 371, 371] - -3
960 - [127, 127, 127, 371, 371] - [42, 42, 2000] - -1
970 - [371, 371, 371] - [42, 42, 2000] - -1
980 - [371, 371, 371, 371] - [42, 42, 127, 127, 127, 2000] - -1
990 - [42, 42, 42] - [371, 371, 371] - 3
1000 - [42, 42, 42] - [127, 127, 127, 371, 371] - 3
1010 - [371, 371, 371] - [42, 42, 42, 2000] - -3
1020 - [42, 42, 127, 127, 127] - [371, 371, 371, 371] - 1
1030 - [42, 42] - [371, 371, 371] - 1
1040 - [42, 42] - [127, 127, 127, 371, 371] - 1
1050 - [42, 42, 127, 371, 371] - [2000] - 3
1060 - [42, 127, 127, 127] - [371, 371, 371, 371] - -1
1070 - [127] - [42, 42, 371, 371, 371] - 0
1080 - [] - [42, 42, 127, 127, 371, 371] - 0
1090 - [42, 127, 371, 371] - [2000] - 1
1100 - [42, 371, 371, 371] - [127, 127, 2000] - 1
1110 - [127] - [42, 42, 42, 371, 371, 371] - -2
1120 - [] - [42, 42, 42, 127, 127, 371, 371] - -2
1130 - [127, 127, 371, 371] - [42, 42, 42, 2000] - 0
1140 - [371, 371, 371] - [42, 42, 42, 127, 2000] - 0
1150 - [42, 42, 127, 127] - [371, 371, 371, 371] - 4
1160 - [42, 42] - [127, 371, 371, 371] - 4
1170 - [127, 371, 371] - [42, 2000] - -3
1180 - [371, 371, 371] - [42, 127, 127, 2000] - -3
1190 - [42, 127, 127] - [371, 371, 371, 371] - 2
1200 - [42] - [127, 371, 371, 371] - 2
1210 - [] - [42, 42, 127, 127, 127, 371, 371] - 3
1220 - [42, 371, 371] - [2000] - 4
1230 - [127, 127] - [371, 371, 371, 371] - 0
1240 - [] - [127, 371, 371, 371] - 0
1250 - [42, 42, 42, 127, 127, 371] - [2000] - 1
1260 - [42, 42, 42, 371, 371] - [127, 2000] - 1
1270 - [371, 371, 371] - [127, 127, 127, 2000] - 2
1280 - [] - [42, 127, 371, 371, 371] - -2
1290 - [127, 127, 127, 371] - [42, 2000] - 0
1300 - [371, 371] - [42, 2000] - 0
1310 - [371, 371, 371] - [42, 127, 127, 127, 2000] - 0
1320 - [] - [42, 42, 127, 371, 371, 371] - -4
1330 - [127, 127, 127, 371] - [42, 42, 2000] - -2
1340 - [371, 371] - [42, 42, 2000] - -2
1350 - [42, 127, 127, 127, 371, 371, 371, 371, 371, 371] - [2000, 2000] - -1
1360 - [42, 42, 42] - [371, 371, 371, 371] - 2
1370 - [42, 42, 42] - [127, 127, 127, 371, 371, 371] - 2
1380 - [42, 42, 42, 127, 371] - [2000] - 4
1390 - [42, 42, 127, 127, 127] - [371, 371, 371, 371, 371] - 0
1400 - [42, 42] - [371, 371, 371, 371] - 0
1410 - [42, 42] - [127, 127, 127, 371, 371, 371] - 0
1420 - [42, 42, 127, 371] - [2000] - 2
1430 - [42, 42, 371, 371] - [127, 127, 2000] - 2
1440 - [127] - [42, 42, 371, 371, 371, 371] - -1
1450 - [] - [42, 42, 127, 127, 371, 371, 371] - -1
1460 - [42, 127, 371] - [2000] - 0
1470 - [42, 371, 371] - [127, 127, 2000] - 0
1480 - [42, 127, 127, 371, 371, 371, 371, 371, 371] - [2000, 2000] - 2
1490 - [42, 42, 42, 127, 127, 127] - [2000] - -3
1500 - [127, 127, 371] - [42, 42, 42, 2000] - -1
1510 - [371, 371] - [42, 42, 42, 127, 2000] - -1
1520 - [127, 127, 371, 371, 371, 371, 371, 371] - [2000, 2000] - 0
1530 - [42, 42] - [127, 371, 371, 371, 371] - 3
1540 - [127, 371] - [42, 2000] - -4
1550 - [371, 371] - [42, 127, 127, 2000] - -4
1560 - [42, 127, 127] - [371, 371, 371, 371, 371] - 1
1570 - [42] - [127, 371, 371, 371, 371] - 1
1580 - [] - [42, 42, 127, 127, 127, 371, 371, 371] - 2
1590 - [42, 371] - [2000] - 3
1600 - [127, 127, 127] - [42, 42, 42, 371, 371, 371, 371, 371] - 0
1610 - [] - [42, 42, 42, 371, 371, 371, 371] - 0
1620 - [42, 42, 42, 127, 127] - [2000] - 0
1630 - [42, 42, 42, 371] - [127, 2000] - 0
1640 - [371, 371] - [127, 127, 127, 2000] - 1
1650 - [42, 42, 42, 371, 371, 371, 371, 371, 371] - [2000, 2000] - 2
1660 - [127, 127, 127] - [42, 2000] - -1
1670 - [371] - [42, 2000] - -1
1680 - [42, 42, 127, 127, 127, 371, 371, 371, 371, 371] - [2000, 2000] - 0
1690 - [42, 42, 371, 371, 371, 371, 371, 371] - [2000, 2000] - 0
1700 - [127, 127, 127] - [42, 42, 2000] - -3
1710 - [371] - [42, 42, 2000] - -3
1720 - [42, 42, 42, 127, 127, 127] - [371, 371, 371, 371, 371, 371] - 1
1730 - [42, 42, 42] - [371, 371, 371, 371, 371] - 1
1740 - [42, 42, 42] - [127, 127, 127, 371, 371, 371, 371] - 1
1750 - [42, 42, 42, 127] - [2000] - 3
1760 - [42, 42, 127, 127, 127] - [371, 371, 371, 371, 371, 371] - -1
1770 - [127] - [42, 371, 371, 371, 371, 371] - 0
1780 - [] - [42, 127, 127, 371, 371, 371, 371] - 0
1790 - [42, 42, 127] - [2000] - 1
1800 - [42, 42, 371] - [127, 127, 2000] - 1
1810 - [127] - [42, 42, 371, 371, 371, 371, 371] - -2
1820 - [] - [42, 42, 127, 127, 371, 371, 371, 371] - -2
1830 - [127, 127] - [42, 42, 2000] - 0
1840 - [371] - [42, 42, 127, 2000] - 0
1850 - [42, 127, 127, 371, 371, 371, 371, 371] - [2000, 2000] - 1
1860 - [42, 371, 371, 371, 371, 371, 371] - [127, 2000, 2000] - 1
1870 - [127, 127] - [42, 42, 42, 2000] - -2
1880 - [371] - [42, 42, 42, 127, 2000] - -2
1890 - [127, 127, 127, 371, 371, 371, 371, 371] - [42, 42, 42, 2000, 2000] - 0
1900 - [371, 371, 371, 371, 371, 371] - [42, 42, 42, 2000, 2000] - 0
1910 - [] - [42, 127, 127, 127, 371, 371, 371, 371] - 3
1920 - [42, 42] - [2000] - 4
1930 - [42, 127, 127] - [371, 371, 371, 371, 371, 371] - 0
1940 - [42] - [127, 371, 371, 371, 371, 371] - 0
1950 - [] - [42, 42, 127, 127, 127, 371, 371, 371, 371] - 1
1960 - [42] - [2000] - 2
1970 - [127, 127, 127] - [42, 42, 42, 371, 371, 371, 371, 371, 371] - -1
1980 - [] - [42, 42, 42, 371, 371, 371, 371, 371] - -1
1990 - [127, 127, 127] - [371, 2000] - 0
2000 - [] - [2000] - 0
2010 - [371] - [127, 127, 127, 2000] - 0
2020 - [42, 42, 42, 371, 371, 371, 371, 371] - [2000, 2000] - 1
2030 - [42, 42, 42, 371, 371, 371, 371, 371, 371] - [127, 127, 127, 2000, 2000] - 1
2040 - [] - [42, 2000] - -2
2050 - [42, 42, 127, 127, 127, 371, 371, 371, 371] - [2000, 2000] - -1
2060 - [127, 371, 371, 371, 371, 371] - [42, 2000, 2000] - 0
2070 - [371, 371, 371, 371, 371, 371] - [42, 127, 127, 2000, 2000] - 0
2080 - [] - [42, 42, 2000] - -4
2090 - [42, 127, 127, 127, 371, 371, 371, 371] - [2000, 2000] - -3
2100 - [42, 42, 42] - [371, 371, 371, 371, 371, 371] - 0
2110 - [42, 42, 42] - [127, 127, 127, 371, 371, 371, 371, 371] - 0
2120 - [42, 42, 42, 127] - [371, 2000] - 2
2130 - [42, 42, 42] - [127, 127, 2000] - 2
2140 - [127] - [42, 371, 371, 371, 371, 371, 371] - -1
2150 - [] - [42, 127, 127, 371, 371, 371, 371, 371] - -1
2160 - [42, 42, 127] - [371, 2000] - 0
2170 - [42, 42] - [127, 127, 2000] - 0
2180 - [42, 42, 127, 127, 371, 371, 371, 371] - [2000, 2000] - 2
2190 - [42, 42, 371, 371, 371, 371, 371] - [127, 2000, 2000] - 2
2200 - [127, 127] - [42, 42, 371, 2000] - -1
2210 - [] - [42, 42, 127, 2000] - -1
2220 - [42, 127, 127, 371, 371, 371, 371] - [2000, 2000] - 0
2230 - [42, 371, 371, 371, 371, 371] - [127, 2000, 2000] - 0
2240 - [371, 371, 371, 371, 371, 371] - [42, 42, 127, 127, 127, 2000, 2000] - 1
2250 - [] - [42, 42, 42, 127, 2000] - -3
2260 - [127, 127, 127, 371, 371, 371, 371] - [42, 42, 42, 2000, 2000] - -1
2270 - [42, 42] - [127, 371, 371, 371, 371, 371, 371] - 1
2280 - [371, 371, 371, 371, 371, 371] - [42, 42, 42, 127, 127, 127, 2000, 2000] - -1
2290 - [42, 42] - [371, 2000] - 3
2300 - [42, 42] - [127, 127, 127, 2000] - 3
2310 - [] - [42, 42, 371, 371, 371, 371, 371, 371] - 0
2320 - [] - [42, 42, 127, 127, 127, 371, 371, 371, 371, 371] - 0
2330 - [42] - [371, 2000] - 1
2340 - [42] - [127, 127, 127, 2000] - 1
2350 - [] - [42, 42, 42, 371, 371, 371, 371, 371, 371] - -2
2360 - [127, 127, 127] - [371, 371, 2000] - -1
2370 - [127] - [42, 42, 42, 371, 2000] - 0
2380 - [] - [42, 42, 42, 127, 127, 2000] - 0
2390 - [42, 42, 42, 371, 371, 371, 371] - [2000, 2000] - 0
2400 - [42, 42, 42, 371, 371, 371, 371, 371] - [127, 127, 127, 2000, 2000] - 0
2410 - [] - [42, 371, 2000] - -3
2420 - [42, 42, 127, 127, 127, 371, 371, 371] - [2000, 2000] - -2
2430 - [127, 371, 371, 371, 371] - [42, 2000, 2000] - -1
2440 - [371, 371, 371, 371, 371] - [42, 127, 127, 2000, 2000] - -1
2450 - [42, 127, 127] - [371, 371, 2000] - 4
2460 - [42] - [127, 371, 2000] - 4
2470 - [127, 371, 371, 371, 371] - [42, 42, 2000, 2000] - -3
2480 - [] - [127, 127, 371, 371, 371, 371, 371, 371] - 0
2490 - [42, 42, 42, 127] - [371, 371, 2000] - 1
2500 - [42, 42, 42] - [127, 127, 371, 2000] - 1
2510 - [] - [42, 42, 42, 127, 127, 127, 2000] - 3
2520 - [] - [42, 127, 127, 371, 371, 371, 371, 371, 371] - -2
2530 - [127, 127] - [42, 371, 371, 2000] - 0
2540 - [] - [42, 127, 371, 2000] - 0
2550 - [42, 42, 127, 127, 371, 371, 371] - [2000, 2000] - 1
2560 - [42, 42, 371, 371, 371, 371] - [127, 2000, 2000] - 1
2570 - [127, 127] - [42, 42, 371, 371, 2000] - -2
2580 - [] - [42, 42, 127, 371, 2000] - -2
2590 - [127, 127, 127, 371, 371, 371] - [42, 42, 2000, 2000] - 0
2600 - [371, 371, 371, 371] - [42, 42, 2000, 2000] - 0
2610 - [371, 371, 371, 371, 371] - [42, 42, 127, 127, 127, 2000, 2000] - 0
2620 - [42, 42, 42] - [371, 371, 2000] - 4
2630 - [127, 127, 127, 371, 371, 371] - [42, 42, 42, 2000, 2000] - -2
2640 - [371, 371, 371, 371] - [42, 42, 42, 2000, 2000] - -2
2650 - [] - [42, 127, 127, 127, 371, 371, 371, 371, 371, 371] - 1
2660 - [42, 42] - [371, 371, 2000] - 2
2670 - [42, 42] - [127, 127, 127, 371, 2000] - 2
2680 - [42, 42, 127, 371, 371, 371] - [2000, 2000] - 4
2690 - [42, 127, 127, 127] - [371, 371, 371, 2000] - 0
2700 - [42] - [371, 371, 2000] - 0
2710 - [42] - [127, 127, 127, 371, 2000] - 0
2720 - [42, 127, 371, 371, 371] - [2000, 2000] - 2
2730 - [127, 127, 127] - [371, 371, 371, 2000] - -2
2740 - [127] - [42, 42, 42, 371, 371, 2000] - -1
2750 - [] - [42, 42, 42, 127, 127, 371, 2000] - -1
2760 - [127, 371, 371, 371] - [2000, 2000] - 0
2770 - [371, 371, 371, 371] - [127, 127, 2000, 2000] - 0
2780 - [] - [42, 371, 371, 2000] - -4
2790 - [42, 42, 127, 127, 127, 371, 371] - [2000, 2000] - -3
2800 - [127, 371, 371, 371] - [42, 2000, 2000] - -2
2810 - [371, 371, 371, 371] - [42, 127, 127, 2000, 2000] - -2
2820 - [42, 127, 127] - [371, 371, 371, 2000] - 3
2830 - [42] - [127, 371, 371, 2000] - 3
2840 - [] - [42, 42, 127, 127, 127, 371, 2000] - 4
2850 - [371, 371, 371, 371] - [42, 42, 127, 127, 2000, 2000] - -4
2860 - [42, 42, 42, 127] - [371, 371, 371, 2000] - 0
2870 - [42, 42, 42] - [127, 127, 371, 371, 2000] - 0
2880 - [] - [42, 42, 42, 127, 127, 127, 371, 2000] - 2
2890 - [42, 42, 42, 371, 371, 371] - [127, 2000, 2000] - 2
2900 - [127, 127] - [42, 371, 371, 371, 2000] - -1
2910 - [] - [42, 127, 371, 371, 2000] - -1
2920 - [42, 42, 127, 127, 371, 371] - [2000, 2000] - 0
2930 - [42, 42, 371, 371, 371] - [127, 2000, 2000] - 0
2940 - [371, 371, 371, 371] - [42, 127, 127, 127, 2000, 2000] - 1
2950 - [] - [42, 42, 127, 371, 371, 2000] - -3
2960 - [127, 127, 127, 371, 371] - [42, 42, 2000, 2000] - -1
2970 - [371, 371, 371] - [42, 42, 2000, 2000] - -1
2980 - [371, 371, 371, 371] - [42, 42, 127, 127, 127, 2000, 2000] - -1
2990 - [42, 42, 42] - [371, 371, 371, 2000] - 3
3000 - [42, 42, 42] - [127, 127, 127, 371, 371, 2000] - 3
3010 - [371, 371, 371] - [42, 42, 42, 2000, 2000] - -3
3020 - [42, 42, 127, 127, 127] - [371, 371, 371, 371, 2000] - 1
3030 - [42, 42] - [371, 371, 371, 2000] - 1
3040 - [42, 42] - [127, 127, 127, 371, 371, 2000] - 1
3050 - [42, 42, 127, 371, 371] - [2000, 2000] - 3
3060 - [42, 127, 127, 127] - [371, 371, 371, 371, 2000] - -1
3070 - [127] - [42, 42, 371, 371, 371, 2000] - 0
3080 - [] - [42, 42, 127, 127, 371, 371, 2000] - 0
3090 - [42, 127, 371, 371] - [2000, 2000] - 1
3100 - [42, 371, 371, 371] - [127, 127, 2000, 2000] - 1
3110 - [127] - [42, 42, 42, 371, 371, 371, 2000] - -2
3120 - [] - [42, 42, 42, 127, 127, 371, 371, 2000] - -2
3130 - [127, 127, 371, 371] - [42, 42, 42, 2000, 2000] - 0
3140 - [371, 371, 371] - [42, 42, 42, 127, 2000, 2000] - 0
3150 - [42, 42, 127, 127] - [371, 371, 371, 371, 2000] - 4
3160 - [42, 42] - [127, 371, 371, 371, 2000] - 4
3170 - [127, 371, 371] - [42, 2000, 2000] - -3
3180 - [371, 371, 371] - [42, 127, 127, 2000, 2000] - -3
3190 - [42, 127, 127] - [371, 371, 371, 371, 2000] - 2
3200 - [42] - [127, 371, 371, 371, 2000] - 2
3210 - [] - [42, 42, 127, 127, 127, 371, 371, 2000] - 3
3220 - [42, 371, 371] - [2000, 2000] - 4
3230 - [127, 127] - [371, 371, 371, 371, 2000] - 0
3240 - [] - [127, 371, 371, 371, 2000] - 0
3250 - [42, 42, 42, 127, 127, 371] - [2000, 2000] - 1
3260 - [42, 42, 42, 371, 371] - [127, 2000, 2000] - 1
3270 - [371, 371, 371] - [127, 127, 127, 2000, 2000] - 2
3280 - [] - [42, 127, 371, 371, 371, 2000] - -2
3290 - [127, 127, 127, 371] - [42, 2000, 2000] - 0
3300 - [371, 371] - [42, 2000, 2000] - 0
3310 - [371, 371, 371] - [42, 127, 127, 127, 2000, 2000] - 0
3320 - [] - [42, 42, 127, 371, 371, 371, 2000] - -4
3330 - [127, 127, 127, 371] - [42, 42, 2000, 2000] - -2
3340 - [371, 371] - [42, 42, 2000, 2000] - -2
3350 - [42, 127, 127, 127, 371, 371, 371, 371, 371, 371] - [2000, 2000, 2000] - -1
3360 - [42, 42, 42] - [371, 371, 371, 371, 2000] - 2
3370 - [42, 42, 42] - [127, 127, 127, 371, 371, 371, 2000] - 2
3380 - [42, 42, 42, 127, 371] - [2000, 2000] - 4
3390 - [42, 42, 127, 127, 127] - [371, 371, 371, 371, 371, 2000] - 0
3400 - [42, 42] - [371, 371, 371, 371, 2000] - 0
3410 - [42, 42] - [127, 127, 127, 371, 371, 371, 2000] - 0
3420 - [42, 42, 127, 371] - [2000, 2000] - 2
3430 - [42, 42, 371, 371] - [127, 127, 2000, 2000] - 2
3440 - [127] - [42, 42, 371, 371, 371, 371, 2000] - -1
3450 - [] - [42, 42, 127, 127, 371, 371, 371, 2000] - -1
3460 - [42, 127, 371] - [2000, 2000] - 0
3470 - [42, 371, 371] - [127, 127, 2000, 2000] - 0
3480 - [42, 127, 127, 371, 371, 371, 371, 371, 371] - [2000, 2000, 2000] - 2
3490 - [42, 42, 42, 127, 127, 127] - [2000, 2000] - -3
3500 - [127, 127, 371] - [42, 42, 42, 2000, 2000] - -1
3510 - [371, 371] - [42, 42, 42, 127, 2000, 2000] - -1
3520 - [127, 127, 371, 371, 371, 371, 371, 371] - [2000, 2000, 2000] - 0
3530 - [42, 42] - [127, 371, 371, 371, 371, 2000] - 3
3540 - [127, 371] - [42, 2000, 2000] - -4
3550 - [371, 371] - [42, 127, 127, 2000, 2000] - -4
3560 - [42, 127, 127] - [371, 371, 371, 371, 371, 2000] - 1
3570 - [42] - [127, 371, 371, 371, 371, 2000] - 1
3580 - [] - [42, 42, 127, 127, 127, 371, 371, 371, 2000] - 2
3590 - [42, 371] - [2000, 2000] - 3
3600 - [127, 127, 127] - [42, 42, 42, 371, 371, 371, 371, 371, 2000] - 0
3610 - [] - [42, 42, 42, 371, 371, 371, 371, 2000] - 0
3620 - [42, 42, 42, 127, 127] - [2000, 2000] - 0
3630 - [42, 42, 42, 371] - [127, 2000, 2000] - 0
3640 - [371, 371] - [127, 127, 127, 2000, 2000] - 1
3650 - [42, 42, 42, 371, 371, 371, 371, 371, 371] - [2000, 2000, 2000] - 2
3660 - [127, 127, 127] - [42, 2000, 2000] - -1
3670 - [371] - [42, 2000, 2000] - -1
3680 - [42, 42, 127, 127, 127, 371, 371, 371, 371, 371] - [2000, 2000, 2000] - 0
3690 - [42, 42, 371, 371, 371, 371, 371, 371] - [2000, 2000, 2000] - 0
3700 - [127, 127, 127] - [42, 42, 2000, 2000] - -3
3710 - [371] - [42, 42, 2000, 2000] - -3
3720 - [42, 42, 42, 127, 127, 127] - [371, 371, 371, 371, 371, 371, 2000] - 1
3730 - [42, 42, 42] - [371, 371, 371, 371, 371, 2000] - 1
3740 - [42, 42, 42] - [127, 127, 127, 371, 371, 371, 371, 2000] - 1
3750 - [42, 42, 42, 127] - [2000, 2000] - 3
3760 - [42, 42, 127, 127, 127] - [371, 371, 371, 371, 371, 371, 2000] - -1
3770 - [127] - [42, 371, 371, 371, 371, 371, 2000] - 0
3780 - [] - [42, 127, 127, 371, 371, 371, 371, 2000] - 0
3790 - [42, 42, 127] - [2000, 2000] - 1
3800 - [42, 42, 371] - [127, 127, 2000, 2000] - 1
3810 - [127] - [42, 42, 371, 371, 371, 371, 371, 2000] - -2
3820 - [] - [42, 42, 127, 127, 371, 371, 371, 371, 2000] - -2
3830 - [127, 127] - [42, 42, 2000, 2000] - 0
3840 - [371] - [42, 42, 127, 2000, 2000] - 0
3850 - [42, 127, 127, 371, 371, 371, 371, 371] - [2000, 2000, 2000] - 1
3860 - [42, 371, 371, 371, 371, 371, 371] - [127, 2000, 2000, 2000] - 1
3870 - [127, 127] - [42, 42, 42, 2000, 2000] - -2
3880 - [371] - [42, 42, 42, 127, 2000, 2000] - -2
3890 - [127, 127, 127, 371, 371, 371, 371, 371] - [42, 42, 42, 2000, 2000, 2000] - 0
3900 - [371, 371, 371, 371, 371, 371] - [42, 42, 42, 2000, 2000, 2000] - 0
3910 - [] - [42, 127, 127, 127, 371, 371, 371, 371, 2000] - 3
3920 - [42, 42] - [2000, 2000] - 4
3930 - [42, 127, 127] - [371, 371, 371, 371, 371, 371, 2000] - 0
3940 - [42] - [127, 371, 371, 371, 371, 371, 2000] - 0
3950 - [] - [42, 42, 127, 127, 127, 371, 371, 371, 371, 2000] - 1
3960 - [42] - [2000, 2000] - 2
3970 - [127, 127, 127] - [42, 42, 42, 371, 371, 371, 371, 371, 371, 2000] - -1
3980 - [] - [42, 42, 42, 371, 371, 371, 371, 371, 2000] - -1
3990 - [127, 127, 127] - [371, 2000, 2000] - 0
4000 - [] - [2000, 2000] - 0
4010 - [371] - [127, 127, 127, 2000, 2000] - 0
4020 - [42, 42, 42, 371, 371, 371, 371, 371] - [2000, 2000, 2000] - 1
4030 - [42, 42, 42, 371, 371, 371, 371, 371, 371] - [127, 127, 127, 2000, 2000, 2000] - 1
4040 - [] - [42, 2000, 2000] - -2
4050 - [42, 42, 127, 127, 127, 371, 371, 371, 371] - [2000, 2000, 2000] - -1
4060 - [127, 371, 371, 371, 371, 371] - [42, 2000, 2000, 2000] - 0
4070 - [371, 371, 371, 371, 371, 371] - [42, 127, 127, 2000, 2000, 2000] - 0
4080 - [] - [42, 42, 2000, 2000] - -4
4090 - [42, 127, 127, 127, 371, 371, 371, 371] - [2000, 2000, 2000] - -3
4100 - [42, 42, 42] - [371, 371, 371, 371, 371, 371, 2000] - 0
4110 - [42, 42, 42] - [127, 127, 127, 371, 371, 371, 371, 371, 2000] - 0
4120 - [42, 42, 42, 127] - [371, 2000, 2000] - 2
4130 - [42, 42, 42] - [127, 127, 2000, 2000] - 2
4140 - [127] - [42, 371, 371, 371, 371, 371, 371, 2000] - -1
4150 - [] - [42, 127, 127, 371, 371, 371, 371, 371, 2000] - -1
4160 - [42, 42, 127] - [371, 2000, 2000] - 0
4170 - [42, 42] - [127, 127, 2000, 2000] - 0
4180 - [42, 42, 127, 127, 371, 371, 371, 371] - [2000, 2000, 2000] - 2
4190 - [42, 42, 371, 371, 371, 371, 371] - [127, 2000, 2000, 2000] - 2
4200 - [127, 127] - [42, 42, 371, 2000, 2000] - -1
4210 - [] - [42, 42, 127, 2000, 2000] - -1
4220 - [42, 127, 127, 371, 371, 371, 371] - [2000, 2000, 2000] - 0
4230 - [42, 371, 371, 371, 371, 371] - [127, 2000, 2000, 2000] - 0
4240 - [371, 371, 371, 371, 371, 371] - [42, 42, 127, 127, 127, 2000, 2000, 2000] - 1
4250 - [] - [42, 42, 42, 127, 2000, 2000] - -3
4260 - [127, 127, 127, 371, 371, 371, 371] - [42, 42, 42, 2000, 2000, 2000] - -1
4270 - [42, 42] - [127, 371, 371, 371, 371, 371, 371, 2000] - 1
4280 - [371, 371, 371, 371, 371, 371] - [42, 42, 42, 127, 127, 127, 2000, 2000, 2000] - -1
4290 - [42, 42] - [371, 2000, 2000] - 3
4300 - [42, 42] - [127, 127, 127, 2000, 2000] - 3
4310 - [] - [42, 42, 371, 371, 371, 371, 371, 371, 2000] - 0
4320 - [] - [42, 42, 127, 127, 127, 371, 371, 371, 371, 371, 2000] - 0
4330 - [42] - [371, 2000, 2000] - 1
4340 - [42] - [127, 127, 127, 2000, 2000] - 1
4350 - [] - [42, 42, 42, 371, 371, 371, 371, 371, 371, 2000] - -2
4360 - [127, 127, 127] - [371, 371, 2000, 2000] - -1
4370 - [127] - [42, 42, 42, 371, 2000, 2000] - 0
4380 - [] - [42, 42, 42, 127, 127, 2000, 2000] - 0
4390 - [42, 42, 42, 371, 371, 371, 371] - [2000, 2000, 2000] - 0
4400 - [42, 42, 42, 371, 371, 371, 371, 371] - [127, 127, 127, 2000, 2000, 2000] - 0
4410 - [] - [42, 371, 2000, 2000] - -3
4420 - [42, 42, 127, 127, 127, 371, 371, 371] - [2000, 2000, 2000] - -2
4430 - [127, 371, 371, 371, 371] - [42, 2000, 2000, 2000] - -1
4440 - [371, 371, 371, 371, 371] - [42, 127, 127, 2000, 2000, 2000] - -1
4450 - [42, 127, 127] - [371, 371, 2000, 2000] - 4
4460 - [42] - [127, 371, 2000, 2000] - 4
4470 - [127, 371, 371, 371, 371] - [42, 42, 2000, 2000, 2000] - -3
4480 - [] - [127, 127, 371, 371, 371, 371, 371, 371, 2000] - 0
4490 - [42, 42, 42, 127] - [371, 371, 2000, 2000] - 1
4500 - [42, 42, 42] - [127, 127, 371, 2000, 2000] - 1
4510 - [] - [42, 42, 42, 127, 127, 127, 2000, 2000] - 3
4520 - [] - [42, 127, 127, 371, 371, 371, 371, 371, 371, 2000] - -2
4530 - [127, 127] - [42, 371, 371, 2000, 2000] - 0
4540 - [] - [42, 127, 371, 2000, 2000] - 0
4550 - [42, 42, 127, 127, 371, 371, 371] - [2000, 2000, 2000] - 1
4560 - [42, 42, 371, 371, 371, 371] - [127, 2000, 2000, 2000] - 1
4570 - [127, 127] - [42, 42, 371, 371, 2000, 2000] - -2
4580 - [] - [42, 42, 127, 371, 2000, 2000] - -2
4590 - [127, 127, 127, 371, 371, 371] - [42, 42, 2000, 2000, 2000] - 0
4600 - [371, 371, 371, 371] - [42, 42, 2000, 2000, 2000] - 0
4610 - [371, 371, 371, 371, 371] - [42, 42, 127, 127, 127, 2000, 2000, 2000] - 0
4620 - [42, 42, 42] - [371, 371, 2000, 2000] - 4
4630 - [127, 127, 127, 371, 371, 371] - [42, 42, 42, 2000, 2000, 2000] - -2
4640 - [371, 371, 371, 371] - [42, 42, 42, 2000, 2000, 2000] - -2
4650 - [] - [42, 127, 127, 127, 371, 371, 371, 371, 371, 371, 2000] - 1
4660 - [42, 42] - [371, 371, 2000, 2000] - 2
4670 - [42, 42] - [127, 127, 127, 371, 2000, 2000] - 2
4680 - [42, 42, 127, 371, 371, 371] - [2000, 2000, 2000] - 4
4690 - [42, 127, 127, 127] - [371, 371, 371, 2000, 2000] - 0
4700 - [42] - [371, 371, 2000, 2000] - 0
4710 - [42] - [127, 127, 127, 371, 2000, 2000] - 0
4720 - [42, 127, 371, 371, 371] - [2000, 2000, 2000] - 2
4730 - [127, 127, 127] - [371, 371, 371, 2000, 2000] - -2
4740 - [127] - [42, 42, 42, 371, 371, 2000, 2000] - -1
4750 - [] - [42, 42, 42, 127, 127, 371, 2000, 2000] - -1
4760 - [127, 371, 371, 371] - [2000, 2000, 2000] - 0
4770 - [371, 371, 371, 371] - [127, 127, 2000, 2000, 2000] - 0
4780 - [] - [42, 371, 371, 2000, 2000] - -4
4790 - [42, 42, 127, 127, 127, 371, 371] - [2000, 2000, 2000] - -3
4800 - [127, 371, 371, 371] - [42, 2000, 2000, 2000] - -2
4810 - [371, 371, 371, 371] - [42, 127, 127, 2000, 2000, 2000] - -2
4820 - [42, 127, 127] - [371, 371, 371, 2000, 2000] - 3
4830 - [42] - [127, 371, 371, 2000, 2000] - 3
4840 - [] - [42, 42, 127, 127, 127, 371, 2000, 2000] - 4
4850 - [371, 371, 371, 371] - [42, 42, 127, 127, 2000, 2000, 2000] - -4
4860 - [42, 42, 42, 127] - [371, 371, 371, 2000, 2000] - 0
4870 - [42, 42, 42] - [127, 127, 371, 371, 2000, 2000] - 0
4880 - [] - [42, 42, 42, 127, 127, 127, 371, 2000, 2000] - 2
4890 - [42, 42, 42, 371, 371, 371] - [127, 2000, 2000, 2000] - 2
4900 - [127, 127] - [42, 371, 371, 371, 2000, 2000] - -1
4910 - [] - [42, 127, 371, 371, 2000, 2000] - -1
4920 - [42, 42, 127, 127, 371, 371] - [2000, 2000, 2000] - 0
4930 - [42, 42, 371, 371, 371] - [127, 2000, 2000, 2000] - 0
4940 - [371, 371, 371, 371] - [42, 127, 127, 127, 2000, 2000, 2000] - 1
4950 - [] - [42, 42, 127, 371, 371, 2000, 2000] - -3
4960 - [127, 127, 127, 371, 371] - [42, 42, 2000, 2000, 2000] - -1
4970 - [371, 371, 371] - [42, 42, 2000, 2000, 2000] - -1
4980 - [371, 371, 371, 371] - [42, 42, 127, 127, 127, 2000, 2000, 2000] - -1
4990 - [42, 42, 42] - [371, 371, 371, 2000, 2000] - 3
5000 - [42, 42, 42] - [127, 127, 127, 371, 371, 2000, 2000] - 3
5010 - [371, 371, 371] - [42, 42, 42, 2000, 2000, 2000] - -3
5020 - [42, 42, 127, 127, 127] - [371, 371, 371, 371, 2000, 2000] - 1
5030 - [42, 42] - [371, 371, 371, 2000, 2000] - 1
5040 - [42, 42] - [127, 127, 127, 371, 371, 2000, 2000] - 1
5050 - [42, 42, 127, 371, 371] - [2000, 2000, 2000] - 3
5060 - [42, 127, 127, 127] - [371, 371, 371, 371, 2000, 2000] - -1
5070 - [127] - [42, 42, 371, 371, 371, 2000, 2000] - 0
5080 - [] - [42, 42, 127, 127, 371, 371, 2000, 2000] - 0
5090 - [42, 127, 371, 371] - [2000, 2000, 2000] - 1
5100 - [42, 371, 371, 371] - [127, 127, 2000, 2000, 2000] - 1
5110 - [127] - [42, 42, 42, 371, 371, 371, 2000, 2000] - -2
5120 - [] - [42, 42, 42, 127, 127, 371, 371, 2000, 2000] - -2
5130 - [127, 127, 371, 371] - [42, 42, 42, 2000, 2000, 2000] - 0
5140 - [371, 371, 371] - [42, 42, 42, 127, 2000, 2000, 2000] - 0
5150 - [42, 42, 127, 127] - [371, 371, 371, 371, 2000, 2000] - 4
5160 - [42, 42] - [127, 371, 371, 371, 2000, 2000] - 4
5170 - [127, 371, 371] - [42, 2000, 2000, 2000] - -3
5180 - [371, 371, 371] - [42, 127, 127, 2000, 2000, 2000] - -3
5190 - [42, 127, 127] - [371, 371, 371, 371, 2000, 2000] - 2
5200 - [42] - [127, 371, 371, 371, 2000, 2000] - 2
5210 - [] - [42, 42, 127, 127, 127, 371, 371, 2000, 2000] - 3
5220 - [42, 371, 371] - [2000, 2000, 2000] - 4
5230 - [127, 127] - [371, 371, 371, 371, 2000, 2000] - 0
5240 - [] - [127, 371, 371, 371, 2000, 2000] - 0
5250 - [42, 42, 42, 127, 127, 371] - [2000, 2000, 2000] - 1
5260 - [42, 42, 42, 371, 371] - [127, 2000, 2000, 2000] - 1
5270 - [371, 371, 371] - [127, 127, 127, 2000, 2000, 2000] - 2
5280 - [] - [42, 127, 371, 371, 371, 2000, 2000] - -2
5290 - [127, 127, 127, 371] - [42, 2000, 2000, 2000] - 0
5300 - [371, 371] - [42, 2000, 2000, 2000] - 0
5310 - [371, 371, 371] - [42, 127, 127, 127, 2000, 2000, 2000] - 0
5320 - [] - [42, 42, 127, 371, 371, 371, 2000, 2000] - -4
5330 - [127, 127, 127, 371] - [42, 42, 2000, 2000, 2000] - -2
5340 - [371, 371] - [42, 42, 2000, 2000, 2000] - -2
5350 - [42, 127, 127, 127, 371, 371, 371, 371, 371, 371] - [2000, 2000, 2000, 2000] - -1
5360 - [42, 42, 42] - [371, 371, 371, 371, 2000, 2000] - 2
5370 - [42, 42, 42] - [127, 127, 127, 371, 371, 371, 2000, 2000] - 2
5380 - [42, 42, 42, 127, 371] - [2000, 2000, 2000] - 4
5390 - [42, 42, 127, 127, 127] - [371, 371, 371, 371, 371, 2000, 2000] - 0
5400 - [42, 42] - [371, 371, 371, 371, 2000, 2000] - 0
5410 - [42, 42] - [127, 127, 127, 371, 371, 371, 2000, 2000] - 0
5420 - [42, 42, 127, 371] - [2000, 2000, 2000] - 2
5430 - [42, 42, 371, 371] - [127, 127, 2000, 2000, 2000] - 2
5440 - [127] - [42, 42, 371, 371, 371, 371, 2000, 2000] - -1
5450 - [] - [42, 42, 127, 127, 371, 371, 371, 2000, 2000] - -1
5460 - [42, 127, 371] - [2000, 2000, 2000] - 0
5470 - [42, 371, 371] - [127, 127, 2000, 2000, 2000] - 0
5480 - [42, 127, 127, 371, 371, 371, 371, 371, 371] - [2000, 2000, 2000, 2000] - 2
5490 - [42, 42, 42, 127, 127, 127] - [2000, 2000, 2000] - -3
5500 - [127, 127, 371] - [42, 42, 42, 2000, 2000, 2000] - -1
5510 - [371, 371] - [42, 42, 42, 127, 2000, 2000, 2000] - -1
5520 - [127, 127, 371, 371, 371, 371, 371, 371] - [2000, 2000, 2000, 2000] - 0
5530 - [42, 42] - [127, 371, 371, 371, 371, 2000, 2000] - 3
5540 - [127, 371] - [42, 2000, 2000, 2000] - -4
5550 - [371, 371] - [42, 127, 127, 2000, 2000, 2000] - -4
5560 - [42, 127, 127] - [371, 371, 371, 371, 371, 2000, 2000] - 1
5570 - [42] - [127, 371, 371, 371, 371, 2000, 2000] - 1
5580 - [] - [42, 42, 127, 127, 127, 371, 371, 371, 2000, 2000] - 2
5590 - [42, 371] - [2000, 2000, 2000] - 3
5600 - [127, 127, 127] - [42, 42, 42, 371, 371, 371, 371, 371, 2000, 2000] - 0
5610 - [] - [42, 42, 42, 371, 371, 371, 371, 2000, 2000] - 0
5620 - [42, 42, 42, 127, 127] - [2000, 2000, 2000] - 0
5630 - [42, 42, 42, 371] - [127, 2000, 2000, 2000] - 0
5640 - [371, 371] - [127, 127, 127, 2000, 2000, 2000] - 1
5650 - [42, 42, 42, 371, 371, 371, 371, 371, 371] - [2000, 2000, 2000, 2000] - 2
5660 - [127, 127, 127] - [42, 2000, 2000, 2000] - -1
5670 - [371] - [42, 2000, 2000, 2000] - -1
5680 - [42, 42, 127, 127, 127, 371, 371, 371, 371, 371] - [2000, 2000, 2000, 2000] - 0
5690 - [42, 42, 371, 371, 371, 371, 371, 371] - [2000, 2000, 2000, 2000] - 0
5700 - [127, 127, 127] - [42, 42, 2000, 2000, 2000] - -3
5710 - [371] - [42, 42, 2000, 2000, 2000] - -3
5720 - [42, 42, 42, 127, 127, 127] - [371, 371, 371, 371, 371, 371, 2000, 2000] - 1
5730 - [42, 42, 42] - [371, 371, 371, 371, 371, 2000, 2000] - 1
5740 - [42, 42, 42] - [127, 127, 127, 371, 371, 371, 371, 2000, 2000] - 1
5750 - [42, 42, 42, 127] - [2000, 2000, 2000] - 3
5760 - [42, 42, 127, 127, 127] - [371, 371, 371, 371, 371, 371, 2000, 2000] - -1
5770 - [127] - [42, 371, 371, 371, 371, 371, 2000, 2000] - 0
5780 - [] - [42, 127, 127, 371, 371, 371, 371, 2000, 2000] - 0
5790 - [42, 42, 127] - [2000, 2000, 2000] - 1
5800 - [42, 42, 371] - [127, 127, 2000, 2000, 2000] - 1
5810 - [127] - [42, 42, 371, 371, 371, 371, 371, 2000, 2000] - -2
5820 - [] - [42, 42, 127, 127, 371, 371, 371, 371, 2000, 2000] - -2
5830 - [127, 127] - [42, 42, 2000, 2000, 2000] - 0
5840 - [371] - [42, 42, 127, 2000, 2000, 2000] - 0
5850 - [42, 127, 127, 371, 371, 371, 371, 371] - [2000, 2000, 2000, 2000] - 1
5860 - [42, 371, 371, 371, 371, 371, 371] - [127, 2000, 2000, 2000, 2000] - 1
5870 - [127, 127] - [42, 42, 42, 2000, 2000, 2000] - -2
5880 - [371] - [42, 42, 42, 127, 2000, 2000, 2000] - -2
5890 - [127, 127, 127, 371, 371, 371, 371, 371] - [42, 42, 42, 2000, 2000, 2000, 2000] - 0
5900 - [371, 371, 371, 371, 371, 371] - [42, 42, 42, 2000, 2000, 2000, 2000] - 0
5910 - [] - [42, 127, 127, 127, 371, 371, 371, 371, 2000, 2000] - 3
5920 - [42, 42] - [2000, 2000, 2000] - 4
5930 - [42, 127, 127] - [371, 371, 371, 371, 371, 371, 2000, 2000] - 0
5940 - [42] - [127, 371, 371, 371, 371, 371, 2000, 2000] - 0
5950 - [] - [42, 42, 127, 127, 127, 371, 371, 371, 371, 2000, 2000] - 1
5960 - [42] - [2000, 2000, 2000] - 2
5970 - [127, 127, 127] - [42, 42, 42, 371, 371, 371, 371, 371, 371, 2000, 2000] - -1
5980 - [] - [42, 42, 42, 371, 371, 371, 371, 371, 2000, 2000] - -1
5990 - [127, 127, 127] - [371, 2000, 2000, 2000] - 0
6000 - [] - [2000, 2000, 2000] - 0
6010 - [371] - [127, 127, 127, 2000, 2000, 2000] - 0
6020 - [42, 42, 42, 371, 371, 371, 371, 371] - [2000, 2000, 2000, 2000] - 1
6030 - [42, 42, 42, 371, 371, 371, 371, 371, 371] - [127, 127, 127, 2000, 2000, 2000, 2000] - 1
6040 - [] - [42, 2000, 2000, 2000] - -2
6050 - [42, 42, 127, 127, 127, 371, 371, 371, 371] - [2000, 2000, 2000, 2000] - -1
6060 - [127, 371, 371, 371, 371, 371] - [42, 2000, 2000, 2000, 2000] - 0
6070 - [371, 371, 371, 371, 371, 371] - [42, 127, 127, 2000, 2000, 2000, 2000] - 0
6080 - [] - [42, 42, 2000, 2000, 2000] - -4
6090 - [42, 127, 127, 127, 371, 371, 371, 371] - [2000, 2000, 2000, 2000] - -3
6100 - [42, 42, 42] - [371, 371, 371, 371, 371, 371, 2000, 2000] - 0
6110 - [42, 42, 42] - [127, 127, 127, 371, 371, 371, 371, 371, 2000, 2000] - 0
6120 - [42, 42, 42, 127] - [371, 2000, 2000, 2000] - 2
6130 - [42, 42, 42] - [127, 127, 2000, 2000, 2000] - 2
6140 - [127] - [42, 371, 371, 371, 371, 371, 371, 2000, 2000] - -1
6150 - [] - [42, 127, 127, 371, 371, 371, 371, 371, 2000, 2000] - -1
6160 - [42, 42, 127] - [371, 2000, 2000, 2000] - 0
6170 - [42, 42] - [127, 127, 2000, 2000, 2000] - 0
6180 - [42, 42, 127, 127, 371, 371, 371, 371] - [2000, 2000, 2000, 2000] - 2
6190 - [42, 42, 371, 371, 371, 371, 371] - [127, 2000, 2000, 2000, 2000] - 2
6200 - [127, 127] - [42, 42, 371, 2000, 2000, 2000] - -1
6210 - [] - [42, 42, 127, 2000, 2000, 2000] - -1
6220 - [42, 127, 127, 371, 371, 371, 371] - [2000, 2000, 2000, 2000] - 0
6230 - [42, 371, 371, 371, 371, 371] - [127, 2000, 2000, 2000, 2000] - 0
6240 - [371, 371, 371, 371, 371, 371] - [42, 42, 127, 127, 127, 2000, 2000, 2000, 2000] - 1
6250 - [] - [42, 42, 42, 127, 2000, 2000, 2000] - -3
6260 - [127, 127, 127, 371, 371, 371, 371] - [42, 42, 42, 2000, 2000, 2000, 2000] - -1
6270 - [42, 42] - [127, 371, 371, 371, 371, 371, 371, 2000, 2000] - 1
6280 - [371, 371, 371, 371, 371, 371] - [42, 42, 42, 127, 127, 127, 2000, 2000, 2000, 2000] - -1
6290 - [42, 42] - [371, 2000, 2000, 2000] - 3
6300 - [42, 42] - [127, 127, 127, 2000, 2000, 2000] - 3
6310 - [] - [42, 42, 371, 371, 371, 371, 371, 371, 2000, 2000] - 0
6320 - [] - [42, 42, 127, 127, 127, 371, 371, 371, 371, 371, 2000, 2000] - 0
6330 - [42] - [371, 2000, 2000, 2000] - 1
6340 - [42] - [127, 127, 127, 2000, 2000, 2000] - 1
6350 - [] - [42, 42, 42, 371, 371, 371, 371, 371, 371, 2000, 2000] - -2
6360 - [127, 127, 127] - [371, 371, 2000, 2000, 2000] - -1
6370 - [127] - [42, 42, 42, 371, 2000, 2000, 2000] - 0
6380 - [] - [42, 42, 42, 127, 127, 2000, 2000, 2000] - 0
6390 - [42, 42, 42, 371, 371, 371, 371] - [2000, 2000, 2000, 2000] - 0
6400 - [42, 42, 42, 371, 371, 371, 371, 371] - [127, 127, 127, 2000, 2000, 2000, 2000] - 0
6410 - [] - [42, 371, 2000, 2000, 2000] - -3
6420 - [42, 42, 127, 127, 127, 371, 371, 371] - [2000, 2000, 2000, 2000] - -2
6430 - [127, 371, 371, 371, 371] - [42, 2000, 2000, 2000, 2000] - -1
6440 - [371, 371, 371, 371, 371] - [42, 127, 127, 2000, 2000, 2000, 2000] - -1
6450 - [42, 127, 127] - [371, 371, 2000, 2000, 2000] - 4
6460 - [42] - [127, 371, 2000, 2000, 2000] - 4
6470 - [127, 371, 371, 371, 371] - [42, 42, 2000, 2000, 2000, 2000] - -3
6480 - [] - [127, 127, 371, 371, 371, 371, 371, 371, 2000, 2000] - 0
6490 - [42, 42, 42, 127] - [371, 371, 2000, 2000, 2000] - 1
6500 - [42, 42, 42] - [127, 127, 371, 2000, 2000, 2000] - 1
6510 - [] - [42, 42, 42, 127, 127, 127, 2000, 2000, 2000] - 3
6520 - [] - [42, 127, 127, 371, 371, 371, 371, 371, 371, 2000, 2000] - -2
6530 - [127, 127] - [42, 371, 371, 2000, 2000, 2000] - 0
6540 - [] - [42, 127, 371, 2000, 2000, 2000] - 0
6550 - [42, 42, 127, 127, 371, 371, 371] - [2000, 2000, 2000, 2000] - 1
6560 - [42, 42, 371, 371, 371, 371] - [127, 2000, 2000, 2000, 2000] - 1
6570 - [127, 127] - [42, 42, 371, 371, 2000, 2000, 2000] - -2
6580 - [] - [42, 42, 127, 371, 2000, 2000, 2000] - -2
6590 - [127, 127, 127, 371, 371, 371] - [42, 42, 2000, 2000, 2000, 2000] - 0
6600 - [371, 371, 371, 371] - [42, 42, 2000, 2000, 2000, 2000] - 0
6610 - [371, 371, 371, 371, 371] - [42, 42, 127, 127, 127, 2000, 2000, 2000, 2000] - 0
6620 - [42, 42, 42] - [371, 371, 2000, 2000, 2000] - 4
6630 - [127, 127, 127, 371, 371, 371] - [42, 42, 42, 2000, 2000, 2000, 2000] - -2
6640 - [371, 371, 371, 371] - [42, 42, 42, 2000, 2000, 2000, 2000] - -2
6650 - [] - [42, 127, 127, 127, 371, 371, 371, 371, 371, 371, 2000, 2000] - 1
6660 - [42, 42] - [371, 371, 2000, 2000, 2000] - 2
6670 - [42, 42] - [127, 127, 127, 371, 2000, 2000, 2000] - 2
6680 - [42, 42, 127, 371, 371, 371] - [2000, 2000, 2000, 2000] - 4
6690 - [42, 127, 127, 127] - [371, 371, 371, 2000, 2000, 2000] - 0
6700 - [42] - [371, 371, 2000, 2000, 2000] - 0
6710 - [42] - [127, 127, 127, 371, 2000, 2000, 2000] - 0
6720 - [42, 127, 371, 371, 371] - [2000, 2000, 2000, 2000] - 2
6730 - [127, 127, 127] - [371, 371, 371, 2000, 2000, 2000] - -2
6740 - [127] - [42, 42, 42, 371, 371, 2000, 2000, 2000] - -1
6750 - [] - [42, 42, 42, 127, 127, 371, 2000, 2000, 2000] - -1
6760 - [127, 371, 371, 371] - [2000, 2000, 2000, 2000] - 0
6770 - [371, 371, 371, 371] - [127, 127, 2000, 2000, 2000, 2000] - 0
6780 - [] - [42, 371, 371, 2000, 2000, 2000] - -4
6790 - [42, 42, 127, 127, 127, 371, 371] - [2000, 2000, 2000, 2000] - -3
6800 - [127, 371, 371, 371] - [42, 2000, 2000, 2000, 2000] - -2
6810 - [371, 371, 371, 371] - [42, 127, 127, 2000, 2000, 2000, 2000] - -2
6820 - [42, 127, 127] - [371, 371, 371, 2000, 2000, 2000] - 3
6830 - [42] - [127, 371, 371, 2000, 2000, 2000] - 3
6840 - [] - [42, 42, 127, 127, 127, 371, 2000, 2000, 2000] - 4
6850 - [371, 371, 371, 371] - [42, 42, 127, 127, 2000, 2000, 2000, 2000] - -4
6860 - [42, 42, 42, 127] - [371, 371, 371, 2000, 2000, 2000] - 0
6870 - [42, 42, 42] - [127, 127, 371, 371, 2000, 2000, 2000] - 0
6880 - [] - [42, 42, 42, 127, 127, 127, 371, 2000, 2000, 2000] - 2
6890 - [42, 42, 42, 371, 371, 371] - [127, 2000, 2000, 2000, 2000] - 2
6900 - [127, 127] - [42, 371, 371, 371, 2000, 2000, 2000] - -1
6910 - [] - [42, 127, 371, 371, 2000, 2000, 2000] - -1
6920 - [42, 42, 127, 127, 371, 371] - [2000, 2000, 2000, 2000] - 0
6930 - [42, 42, 371, 371, 371] - [127, 2000, 2000, 2000, 2000] - 0
6940 - [371, 371, 371, 371] - [42, 127, 127, 127, 2000, 2000, 2000, 2000] - 1
6950 - [] - [42, 42, 127, 371, 371, 2000, 2000, 2000] - -3
6960 - [127, 127, 127, 371, 371] - [42, 42, 2000, 2000, 2000, 2000] - -1
6970 - [371, 371, 371] - [42, 42, 2000, 2000, 2000, 2000] - -1
6980 - [371, 371, 371, 371] - [42, 42, 127, 127, 127, 2000, 2000, 2000, 2000] - -1
6990 - [42, 42, 42] - [371, 371, 371, 2000, 2000, 2000] - 3
7000 - [42, 42, 42] - [127, 127, 127, 371, 371, 2000, 2000, 2000] - 3
7010 - [371, 371, 371] - [42, 42, 42, 2000, 2000, 2000, 2000] - -3
7020 - [42, 42, 127, 127, 127] - [371, 371, 371, 371, 2000, 2000, 2000] - 1
7030 - [42, 42] - [371, 371, 371, 2000, 2000, 2000] - 1
7040 - [42, 42] - [127, 127, 127, 371, 371, 2000, 2000, 2000] - 1
7050 - [42, 42, 127, 371, 371] - [2000, 2000, 2000, 2000] - 3
7060 - [42, 127, 127, 127] - [371, 371, 371, 371, 2000, 2000, 2000] - -1
7070 - [127] - [42, 42, 371, 371, 371, 2000, 2000, 2000] - 0
7080 - [] - [42, 42, 127, 127, 371, 371, 2000, 2000, 2000] - 0
7090 - [42, 127, 371, 371] - [2000, 2000, 2000, 2000] - 1
7100 - [42, 371, 371, 371] - [127, 127, 2000, 2000, 2000, 2000] - 1
7110 - [127] - [42, 42, 42, 371, 371, 371, 2000, 2000, 2000] - -2
7120 - [] - [42, 42, 42, 127, 127, 371, 371, 2000, 2000, 2000] - -2
7130 - [127, 127, 371, 371] - [42, 42, 42, 2000, 2000, 2000, 2000] - 0
7140 - [371, 371, 371] - [42, 42, 42, 127, 2000, 2000, 2000, 2000] - 0
7150 - [42, 42, 127, 127] - [371, 371, 371, 371, 2000, 2000, 2000] - 4
7160 - [42, 42] - [127, 371, 371, 371, 2000, 2000, 2000] - 4
7170 - [127, 371, 371] - [42, 2000, 2000, 2000, 2000] - -3
7180 - [371, 371, 371] - [42, 127, 127, 2000, 2000, 2000, 2000] - -3
7190 - [42, 127, 127] - [371, 371, 371, 371, 2000, 2000, 2000] - 2
7200 - [42] - [127, 371, 371, 371, 2000, 2000, 2000] - 2
7210 - [] - [42, 42, 127, 127, 127, 371, 371, 2000, 2000, 2000] - 3
7220 - [42, 371, 371] - [2000, 2000, 2000, 2000] - 4
7230 - [127, 127] - [371, 371, 371, 371, 2000, 2000, 2000] - 0
7240 - [] - [127, 371, 371, 371, 2000, 2000, 2000] - 0
7250 - [42, 42, 42, 127, 127, 371] - [2000, 2000, 2000, 2000] - 1
7260 - [42, 42, 42, 371, 371] - [127, 2000, 2000, 2000, 2000] - 1
7270 - [371, 371, 371] - [127, 127, 127, 2000, 2000, 2000, 2000] - 2
7280 - [] - [42, 127, 371, 371, 371, 2000, 2000, 2000] - -2
7290 - [127, 127, 127, 371] - [42, 2000, 2000, 2000, 2000] - 0
7300 - [371, 371] - [42, 2000, 2000, 2000, 2000] - 0
7310 - [371, 371, 371] - [42, 127, 127, 127, 2000, 2000, 2000, 2000] - 0
7320 - [] - [42, 42, 127, 371, 371, 371, 2000, 2000, 2000] - -4
7330 - [127, 127, 127, 371] - [42, 42, 2000, 2000, 2000, 2000] - -2
7340 - [371, 371] - [42, 42, 2000, 2000, 2000, 2000] - -2
7350 - [42, 127, 127, 127, 371, 371, 371, 371, 371, 371] - [2000, 2000, 2000, 2000, 2000] - -1
7360 - [42, 42, 42] - [371, 371, 371, 371, 2000, 2000, 2000] - 2
7370 - [42, 42, 42] - [127, 127, 127, 371, 371, 371, 2000, 2000, 2000] - 2
7380 - [42, 42, 42, 127, 371] - [2000, 2000, 2000, 2000] - 4
7390 - [42, 42, 127, 127, 127] - [371, 371, 371, 371, 371, 2000, 2000, 2000] - 0
7400 - [42, 42] - [371, 371, 371, 371, 2000, 2000, 2000] - 0
7410 - [42, 42] - [127, 127, 127, 371, 371, 371, 2000, 2000, 2000] - 0
7420 - [42, 42, 127, 371] - [2000, 2000, 2000, 2000] - 2
7430 - [42, 42, 371, 371] - [127, 127, 2000, 2000, 2000, 2000] - 2
7440 - [127] - [42, 42, 371, 371, 371, 371, 2000, 2000, 2000] - -1
7450 - [] - [42, 42, 127, 127, 371, 371, 371, 2000, 2000, 2000] - -1
7460 - [42, 127, 371] - [2000, 2000, 2000, 2000] - 0
7470 - [42, 371, 371] - [127, 127, 2000, 2000, 2000, 2000] - 0
7480 - [42, 127, 127, 371, 371, 371, 371, 371, 371] - [2000, 2000, 2000, 2000, 2000] - 2
7490 - [42, 42, 42, 127, 127, 127] - [2000, 2000, 2000, 2000] - -3
7500 - [127, 127, 371] - [42, 42, 42, 2000, 2000, 2000, 2000] - -1
7510 - [371, 371] - [42, 42, 42, 127, 2000, 2000, 2000, 2000] - -1
7520 - [127, 127, 371, 371, 371, 371, 371, 371] - [2000, 2000, 2000, 2000, 2000] - 0
7530 - [42, 42] - [127, 371, 371, 371, 371, 2000, 2000, 2000] - 3
7540 - [127, 371] - [42, 2000, 2000, 2000, 2000] - -4
7550 - [371, 371] - [42, 127, 127, 2000, 2000, 2000, 2000] - -4
7560 - [42, 127, 127] - [371, 371, 371, 371, 371, 2000, 2000, 2000] - 1
7570 - [42] - [127, 371, 371, 371, 371, 2000, 2000, 2000] - 1
7580 - [] - [42, 42, 127, 127, 127, 371, 371, 371, 2000, 2000, 2000] - 2
7590 - [42, 371] - [2000, 2000, 2000, 2000] - 3
7600 - [127, 127, 127] - [42, 42, 42, 371, 371, 371, 371, 371, 2000, 2000, 2000] - 0
7610 - [] - [42, 42, 42, 371, 371, 371, 371, 2000, 2000, 2000] - 0
7620 - [42, 42, 42, 127, 127] - [2000, 2000, 2000, 2000] - 0
7630 - [42, 42, 42, 371] - [127, 2000, 2000, 2000, 2000] - 0
7640 - [371, 371] - [127, 127, 127, 2000, 2000, 2000, 2000] - 1
7650 - [42, 42, 42, 371, 371, 371, 371, 371, 371] - [2000, 2000, 2000, 2000, 2000] - 2
7660 - [127, 127, 127] - [42, 2000, 2000, 2000, 2000] - -1
7670 - [371] - [42, 2000, 2000, 2000, 2000] - -1
7680 - [42, 42, 127, 127, 127, 371, 371, 371, 371, 371] - [2000, 2000, 2000, 2000, 2000] - 0
7690 - [42, 42, 371, 371, 371, 371, 371, 371] - [2000, 2000, 2000, 2000, 2000] - 0
7700 - [127, 127, 127] - [42, 42, 2000, 2000, 2000, 2000] - -3
7710 - [371] - [42, 42, 2000, 2000, 2000, 2000] - -3
7720 - [42, 42, 42, 127, 127, 127] - [371, 371, 371, 371, 371, 371, 2000, 2000, 2000] - 1
7730 - [42, 42, 42] - [371, 371, 371, 371, 371, 2000, 2000, 2000] - 1
7740 - [42, 42, 42] - [127, 127, 127, 371, 371, 371, 371, 2000, 2000, 2000] - 1
7750 - [42, 42, 42, 127] - [2000, 2000, 2000, 2000] - 3
7760 - [42, 42, 127, 127, 127] - [371, 371, 371, 371, 371, 371, 2000, 2000, 2000] - -1
7770 - [127] - [42, 371, 371, 371, 371, 371, 2000, 2000, 2000] - 0
7780 - [] - [42, 127, 127, 371, 371, 371, 371, 2000, 2000, 2000] - 0
7790 - [42, 42, 127] - [2000, 2000, 2000, 2000] - 1
7800 - [42, 42, 371] - [127, 127, 2000, 2000, 2000, 2000] - 1
7810 - [127] - [42, 42, 371, 371, 371, 371, 371, 2000, 2000, 2000] - -2
7820 - [] - [42, 42, 127, 127, 371, 371, 371, 371, 2000, 2000, 2000] - -2
7830 - [127, 127] - [42, 42, 2000, 2000, 2000, 2000] - 0
7840 - [371] - [42, 42, 127, 2000, 2000, 2000, 2000] - 0
7850 - [42, 127, 127, 371, 371, 371, 371, 371] - [2000, 2000, 2000, 2000, 2000] - 1
7860 - [42, 371, 371, 371, 371, 371, 371] - [127, 2000, 2000, 2000, 2000, 2000] - 1
7870 - [127, 127] - [42, 42, 42, 2000, 2000, 2000, 2000] - -2
7880 - [371] - [42, 42, 42, 127, 2000, 2000, 2000, 2000] - -2
7890 - [127, 127, 127, 371, 371, 371, 371, 371] - [42, 42, 42, 2000, 2000, 2000, 2000, 2000] - 0
7900 - [371, 371, 371, 371, 371, 371] - [42, 42, 42, 2000, 2000, 2000, 2000, 2000] - 0
7910 - [] - [42, 127, 127, 127, 371, 371, 371, 371, 2000, 2000, 2000] - 3
7920 - [42, 42] - [2000, 2000, 2000, 2000] - 4
7930 - [42, 127, 127] - [371, 371, 371, 371, 371, 371, 2000, 2000, 2000] - 0
7940 - [42] - [127, 371, 371, 371, 371, 371, 2000, 2000, 2000] - 0
7950 - [] - [42, 42, 127, 127, 127, 371, 371, 371, 371, 2000, 2000, 2000] - 1
7960 - [42] - [2000, 2000, 2000, 2000] - 2
7970 - [127, 127, 127] - [42, 42, 42, 371, 371, 371, 371, 371, 371, 2000, 2000, 2000] - -1
7980 - [] - [42, 42, 42, 371, 371, 371, 371, 371, 2000, 2000, 2000] - -1
7990 - [127, 127, 127] - [371, 2000, 2000, 2000, 2000] - 0
8000 - [] - [2000, 2000, 2000, 2000] - 0
8010 - [371] - [127, 127, 127, 2000, 2000, 2000, 2000] - 0
8020 - [42, 42, 42, 371, 371, 371, 371, 371] - [2000, 2000, 2000, 2000, 2000] - 1
8030 - [42, 42, 42, 371, 371, 371, 371, 371, 371] - [127, 127, 127, 2000, 2000, 2000, 2000, 2000] - 1
8040 - [] - [42, 2000, 2000, 2000, 2000] - -2
8050 - [42, 42, 127, 127, 127, 371, 371, 371, 371] - [2000, 2000, 2000, 2000, 2000] - -1
8060 - [127, 371, 371, 371, 371, 371] - [42, 2000, 2000, 2000, 2000, 2000] - 0
8070 - [371, 371, 371, 371, 371, 371] - [42, 127, 127, 2000, 2000, 2000, 2000, 2000] - 0
8080 - [] - [42, 42, 2000, 2000, 2000, 2000] - -4
8090 - [42, 127, 127, 127, 371, 371, 371, 371] - [2000, 2000, 2000, 2000, 2000] - -3
8100 - [42, 42, 42] - [371, 371, 371, 371, 371, 371, 2000, 2000, 2000] - 0
8110 - [42, 42, 42] - [127, 127, 127, 371, 371, 371, 371, 371, 2000, 2000, 2000] - 0
8120 - [42, 42, 42, 127] - [371, 2000, 2000, 2000, 2000] - 2
8130 - [42, 42, 42] - [127, 127, 2000, 2000, 2000, 2000] - 2
8140 - [127] - [42, 371, 371, 371, 371, 371, 371, 2000, 2000, 2000] - -1
8150 - [] - [42, 127, 127, 371, 371, 371, 371, 371, 2000, 2000, 2000] - -1
8160 - [42, 42, 127] - [371, 2000, 2000, 2000, 2000] - 0
8170 - [42, 42] - [127, 127, 2000, 2000, 2000, 2000] - 0
8180 - [42, 42, 127, 127, 371, 371, 371, 371] - [2000, 2000, 2000, 2000, 2000] - 2
8190 - [42, 42, 371, 371, 371, 371, 371] - [127, 2000, 2000, 2000, 2000, 2000] - 2
8200 - [127, 127] - [42, 42, 371, 2000, 2000, 2000, 2000] - -1
8210 - [] - [42, 42, 127, 2000, 2000, 2000, 2000] - -1
8220 - [42, 127, 127, 371, 371, 371, 371] - [2000, 2000, 2000, 2000, 2000] - 0
8230 - [42, 371, 371, 371, 371, 371] - [127, 2000, 2000, 2000, 2000, 2000] - 0
8240 - [371, 371, 371, 371, 371, 371] - [42, 42, 127, 127, 127, 2000, 2000, 2000, 2000, 2000] - 1
8250 - [] - [42, 42, 42, 127, 2000, 2000, 2000, 2000] - -3
8260 - [127, 127, 127, 371, 371, 371, 371] - [42, 42, 42, 2000, 2000, 2000, 2000, 2000] - -1
8270 - [42, 42] - [127, 371, 371, 371, 371, 371, 371, 2000, 2000, 2000] - 1
8280 - [371, 371, 371, 371, 371, 371] - [42, 42, 42, 127, 127, 127, 2000, 2000, 2000, 2000, 2000] - -1
8290 - [42, 42] - [371, 2000, 2000, 2000, 2000] - 3
8300 - [42, 42] - [127, 127, 127, 2000, 2000, 2000, 2000] - 3
8310 - [] - [42, 42, 371, 371, 371, 371, 371, 371, 2000, 2000, 2000] - 0
8320 - [] - [42, 42, 127, 127, 127, 371, 371, 371, 371, 371, 2000, 2000, 2000] - 0
8330 - [42] - [371, 2000, 2000, 2000, 2000] - 1
8340 - [42] - [127, 127, 127, 2000, 2000, 2000, 2000] - 1
8350 - [] - [42, 42, 42, 371, 371, 371, 371, 371, 371, 2000, 2000, 2000] - -2
8360 - [127, 127, 127] - [371, 371, 2000, 2000, 2000, 2000] - -1
8370 - [127] - [42, 42, 42, 371, 2000, 2000, 2000, 2000] - 0
8380 - [] - [42, 42, 42, 127, 127, 2000, 2000, 2000, 2000] - 0
8390 - [42, 42, 42, 371, 371, 371, 371] - [2000, 2000, 2000, 2000, 2000] - 0
8400 - [42, 42, 42, 371, 371, 371, 371, 371] - [127, 127, 127, 2000, 2000, 2000, 2000, 2000] - 0
8410 - [] - [42, 371, 2000, 2000, 2000, 2000] - -3
8420 - [42, 42, 127, 127, 127, 371, 371, 371] - [2000, 2000, 2000, 2000, 2000] - -2
8430 - [127, 371, 371, 371, 371] - [42, 2000, 2000, 2000, 2000, 2000] - -1
8440 - [371, 371, 371, 371, 371] - [42, 127, 127, 2000, 2000, 2000, 2000, 2000] - -1
8450 - [42, 127, 127] - [371, 371, 2000, 2000, 2000, 2000] - 4
8460 - [42] - [127, 371, 2000, 2000, 2000, 2000] - 4
8470 - [127, 371, 371, 371, 371] - [42, 42, 2000, 2000, 2000, 2000, 2000] - -3
8480 - [] - [127, 127, 371, 371, 371, 371, 371, 371, 2000, 2000, 2000] - 0
8490 - [42, 42, 42, 127] - [371, 371, 2000, 2000, 2000, 2000] - 1
8500 - [42, 42, 42] - [127, 127, 371, 2000, 2000, 2000, 2000] - 1
8510 - [] - [42, 42, 42, 127, 127, 127, 2000, 2000, 2000, 2000] - 3
8520 - [] - [42, 127, 127, 371, 371, 371, 371, 371, 371, 2000, 2000, 2000] - -2
8530 - [127, 127] - [42, 371, 371, 2000, 2000, 2000, 2000] - 0
8540 - [] - [42, 127, 371, 2000, 2000, 2000, 2000] - 0
8550 - [42, 42, 127, 127, 371, 371, 371] - [2000, 2000, 2000, 2000, 2000] - 1
8560 - [42, 42, 371, 371, 371, 371] - [127, 2000, 2000, 2000, 2000, 2000] - 1
8570 - [127, 127] - [42, 42, 371, 371, 2000, 2000, 2000, 2000] - -2
8580 - [] - [42, 42, 127, 371, 2000, 2000, 2000, 2000] - -2
8590 - [127, 127, 127, 371, 371, 371] - [42, 42, 2000, 2000, 2000, 2000, 2000] - 0
8600 - [371, 371, 371, 371] - [42, 42, 2000, 2000, 2000, 2000, 2000] - 0
8610 - [371, 371, 371, 371, 371] - [42, 42, 127, 127, 127, 2000, 2000, 2000, 2000, 2000] - 0
8620 - [42, 42, 42] - [371, 371, 2000, 2000, 2000, 2000] - 4
8630 - [127, 127, 127, 371, 371, 371] - [42, 42, 42, 2000, 2000, 2000, 2000, 2000] - -2
8640 - [371, 371, 371, 371] - [42, 42, 42, 2000, 2000, 2000, 2000, 2000] - -2
8650 - [] - [42, 127, 127, 127, 371, 371, 371, 371, 371, 371, 2000, 2000, 2000] - 1
8660 - [42, 42] - [371, 371, 2000, 2000, 2000, 2000] - 2
8670 - [42, 42] - [127, 127, 127, 371, 2000, 2000, 2000, 2000] - 2
8680 - [42, 42, 127, 371, 371, 371] - [2000, 2000, 2000, 2000, 2000] - 4
8690 - [42, 127, 127, 127] - [371, 371, 371, 2000, 2000, 2000, 2000] - 0
8700 - [42] - [371, 371, 2000, 2000, 2000, 2000] - 0
8710 - [42] - [127, 127, 127, 371, 2000, 2000, 2000, 2000] - 0
8720 - [42, 127, 371, 371, 371] - [2000, 2000, 2000, 2000, 2000] - 2
8730 - [127, 127, 127] - [371, 371, 371, 2000, 2000, 2000, 2000] - -2
8740 - [127] - [42, 42, 42, 371, 371, 2000, 2000, 2000, 2000] - -1
8750 - [] - [42, 42, 42, 127, 127, 371, 2000, 2000, 2000, 2000] - -1
8760 - [127, 371, 371, 371] - [2000, 2000, 2000, 2000, 2000] - 0
8770 - [371, 371, 371, 371] - [127, 127, 2000, 2000, 2000, 2000, 2000] - 0
8780 - [] - [42, 371, 371, 2000, 2000, 2000, 2000] - -4
8790 - [42, 42, 127, 127, 127, 371, 371] - [2000, 2000, 2000, 2000, 2000] - -3
8800 - [127, 371, 371, 371] - [42, 2000, 2000, 2000, 2000, 2000] - -2
8810 - [371, 371, 371, 371] - [42, 127, 127, 2000, 2000, 2000, 2000, 2000] - -2
8820 - [42, 127, 127] - [371, 371, 371, 2000, 2000, 2000, 2000] - 3
8830 - [42] - [127, 371, 371, 2000, 2000, 2000, 2000] - 3
8840 - [] - [42, 42, 127, 127, 127, 371, 2000, 2000, 2000, 2000] - 4
8850 - [371, 371, 371, 371] - [42, 42, 127, 127, 2000, 2000, 2000, 2000, 2000] - -4
8860 - [42, 42, 42, 127] - [371, 371, 371, 2000, 2000, 2000, 2000] - 0
8870 - [42, 42, 42] - [127, 127, 371, 371, 2000, 2000, 2000, 2000] - 0
8880 - [] - [42, 42, 42, 127, 127, 127, 371, 2000, 2000, 2000, 2000] - 2
8890 - [42, 42, 42, 371, 371, 371] - [127, 2000, 2000, 2000, 2000, 2000] - 2
8900 - [127, 127] - [42, 371, 371, 371, 2000, 2000, 2000, 2000] - -1
8910 - [] - [42, 127, 371, 371, 2000, 2000, 2000, 2000] - -1
8920 - [42, 42, 127, 127, 371, 371] - [2000, 2000, 2000, 2000, 2000] - 0
8930 - [42, 42, 371, 371, 371] - [127, 2000, 2000, 2000, 2000, 2000] - 0
8940 - [371, 371, 371, 371] - [42, 127, 127, 127, 2000, 2000, 2000, 2000, 2000] - 1
8950 - [] - [42, 42, 127, 371, 371, 2000, 2000, 2000, 2000] - -3
8960 - [127, 127, 127, 371, 371] - [42, 42, 2000, 2000, 2000, 2000, 2000] - -1
8970 - [371, 371, 371] - [42, 42, 2000, 2000, 2000, 2000, 2000] - -1
8980 - [371, 371, 371, 371] - [42, 42, 127, 127, 127, 2000, 2000, 2000, 2000, 2000] - -1
8990 - [42, 42, 42] - [371, 371, 371, 2000, 2000, 2000, 2000] - 3
9000 - [42, 42, 42] - [127, 127, 127, 371, 371, 2000, 2000, 2000, 2000] - 3
9010 - [371, 371, 371] - [42, 42, 42, 2000, 2000, 2000, 2000, 2000] - -3
9020 - [42, 42, 127, 127, 127] - [371, 371, 371, 371, 2000, 2000, 2000, 2000] - 1
9030 - [42, 42] - [371, 371, 371, 2000, 2000, 2000, 2000] - 1
9040 - [42, 42] - [127, 127, 127, 371, 371, 2000, 2000, 2000, 2000] - 1
9050 - [42, 42, 127, 371, 371] - [2000, 2000, 2000, 2000, 2000] - 3
9060 - [42, 127, 127, 127] - [371, 371, 371, 371, 2000, 2000, 2000, 2000] - -1
9070 - [127] - [42, 42, 371, 371, 371, 2000, 2000, 2000, 2000] - 0
9080 - [] - [42, 42, 127, 127, 371, 371, 2000, 2000, 2000, 2000] - 0
9090 - [42, 127, 371, 371] - [2000, 2000, 2000, 2000, 2000] - 1
9100 - [42, 371, 371, 371] - [127, 127, 2000, 2000, 2000, 2000, 2000] - 1
9110 - [127] - [42, 42, 42, 371, 371, 371, 2000, 2000, 2000, 2000] - -2
9120 - [] - [42, 42, 42, 127, 127, 371, 371, 2000, 2000, 2000, 2000] - -2
9130 - [127, 127, 371, 371] - [42, 42, 42, 2000, 2000, 2000, 2000, 2000] - 0
9140 - [371, 371, 371] - [42, 42, 42, 127, 2000, 2000, 2000, 2000, 2000] - 0
9150 - [42, 42, 127, 127] - [371, 371, 371, 371, 2000, 2000, 2000, 2000] - 4
9160 - [42, 42] - [127, 371, 371, 371, 2000, 2000, 2000, 2000] - 4
9170 - [127, 371, 371] - [42, 2000, 2000, 2000, 2000, 2000] - -3
9180 - [371, 371, 371] - [42, 127, 127, 2000, 2000, 2000, 2000, 2000] - -3
9190 - [42, 127, 127] - [371, 371, 371, 371, 2000, 2000, 2000, 2000] - 2
9200 - [42] - [127, 371, 371, 371, 2000, 2000, 2000, 2000] - 2
9210 - [] - [42, 42, 127, 127, 127, 371, 371, 2000, 2000, 2000, 2000] - 3
9220 - [42, 371, 371] - [2000, 2000, 2000, 2000, 2000] - 4
9230 - [127, 127] - [371, 371, 371, 371, 2000, 2000, 2000, 2000] - 0
9240 - [] - [127, 371, 371, 371, 2000, 2000, 2000, 2000] - 0
9250 - [42, 42, 42, 127, 127, 371] - [2000, 2000, 2000, 2000, 2000] - 1
9260 - [42, 42, 42, 371, 371] - [127, 2000, 2000, 2000, 2000, 2000] - 1
9270 - [371, 371, 371] - [127, 127, 127, 2000, 2000, 2000, 2000, 2000] - 2
9280 - [] - [42, 127, 371, 371, 371, 2000, 2000, 2000, 2000] - -2
9290 - [127, 127, 127, 371] - [42, 2000, 2000, 2000, 2000, 2000] - 0
9300 - [371, 371] - [42, 2000, 2000, 2000, 2000, 2000] - 0
9310 - [371, 371, 371] - [42, 127, 127, 127, 2000, 2000, 2000, 2000, 2000] - 0
9320 - [] - [42, 42, 127, 371, 371, 371, 2000, 2000, 2000, 2000] - -4
9330 - [127, 127, 127, 371] - [42, 42, 2000, 2000, 2000, 2000, 2000] - -2
9340 - [371, 371] - [42, 42, 2000, 2000, 2000, 2000, 2000] - -2
9350 - [371, 371, 371] - [42, 42, 127, 127, 127, 2000, 2000, 2000, 2000, 2000] - -2
9360 - [42, 42, 42] - [371, 371, 371, 371, 2000, 2000, 2000, 2000] - 2
9370 - [42, 42, 42] - [127, 127, 127, 371, 371, 371, 2000, 2000, 2000, 2000] - 2
9380 - [42, 42, 42, 127, 371] - [2000, 2000, 2000, 2000, 2000] - 4
9390 - [42, 42, 127, 127, 127] - [371, 371, 371, 371, 371, 2000, 2000, 2000, 2000] - 0
9400 - [42, 42] - [371, 371, 371, 371, 2000, 2000, 2000, 2000] - 0
9410 - [42, 42] - [127, 127, 127, 371, 371, 371, 2000, 2000, 2000, 2000] - 0
9420 - [42, 42, 127, 371] - [2000, 2000, 2000, 2000, 2000] - 2
9430 - [42, 42, 371, 371] - [127, 127, 2000, 2000, 2000, 2000, 2000] - 2
9440 - [127] - [42, 42, 371, 371, 371, 371, 2000, 2000, 2000, 2000] - -1
9450 - [] - [42, 42, 127, 127, 371, 371, 371, 2000, 2000, 2000, 2000] - -1
9460 - [42, 127, 371] - [2000, 2000, 2000, 2000, 2000] - 0
9470 - [42, 371, 371] - [127, 127, 2000, 2000, 2000, 2000, 2000] - 0
9480 - [127] - [42, 42, 42, 371, 371, 371, 371, 2000, 2000, 2000, 2000] - -3
9490 - [42, 42, 42, 127, 127, 127] - [2000, 2000, 2000, 2000, 2000] - -3
9500 - [127, 127, 371] - [42, 42, 42, 2000, 2000, 2000, 2000, 2000] - -1
9510 - [371, 371] - [42, 42, 42, 127, 2000, 2000, 2000, 2000, 2000] - -1
9520 - [42, 42, 127, 127] - [371, 371, 371, 371, 371, 2000, 2000, 2000, 2000] - 3
9530 - [42, 42] - [127, 371, 371, 371, 371, 2000, 2000, 2000, 2000] - 3
9540 - [127, 371] - [42, 2000, 2000, 2000, 2000, 2000] - -4
9550 - [371, 371] - [42, 127, 127, 2000, 2000, 2000, 2000, 2000] - -4
9560 - [42, 127, 127] - [371, 371, 371, 371, 371, 2000, 2000, 2000, 2000] - 1
9570 - [42] - [127, 371, 371, 371, 371, 2000, 2000, 2000, 2000] - 1
9580 - [] - [42, 42, 127, 127, 127, 371, 371, 371, 2000, 2000, 2000, 2000] - 2
9590 - [42, 371] - [2000, 2000, 2000, 2000, 2000] - 3
9600 - [127, 127, 127] - [42, 42, 42, 371, 371, 371, 371, 371, 2000, 2000, 2000, 2000] - 0
9610 - [] - [42, 42, 42, 371, 371, 371, 371, 2000, 2000, 2000, 2000] - 0
9620 - [42, 42, 42, 127, 127] - [2000, 2000, 2000, 2000, 2000] - 0
9630 - [42, 42, 42, 371] - [127, 2000, 2000, 2000, 2000, 2000] - 0
9640 - [371, 371] - [127, 127, 127, 2000, 2000, 2000, 2000, 2000] - 1
9650 - [] - [42, 127, 371, 371, 371, 371, 2000, 2000, 2000, 2000] - -3
9660 - [127, 127, 127] - [42, 2000, 2000, 2000, 2000, 2000] - -1
9670 - [371] - [42, 2000, 2000, 2000, 2000, 2000] - -1
9680 - [371, 371] - [42, 127, 127, 127, 2000, 2000, 2000, 2000, 2000] - -1
9690 - [42, 127] - [371, 371, 371, 371, 371, 2000, 2000, 2000, 2000] - 4
9700 - [127, 127, 127] - [42, 42, 2000, 2000, 2000, 2000, 2000] - -3
9710 - [371] - [42, 42, 2000, 2000, 2000, 2000, 2000] - -3
9720 - [42, 42, 42, 127, 127, 127] - [371, 371, 371, 371, 371, 371, 2000, 2000, 2000, 2000] - 1
9730 - [42, 42, 42] - [371, 371, 371, 371, 371, 2000, 2000, 2000, 2000] - 1
9740 - [42, 42, 42] - [127, 127, 127, 371, 371, 371, 371, 2000, 2000, 2000, 2000] - 1
9750 - [42, 42, 42, 127] - [2000, 2000, 2000, 2000, 2000] - 3
9760 - [42, 42, 127, 127, 127] - [371, 371, 371, 371, 371, 371, 2000, 2000, 2000, 2000] - -1
9770 - [127] - [42, 371, 371, 371, 371, 371, 2000, 2000, 2000, 2000] - 0
9780 - [] - [42, 127, 127, 371, 371, 371, 371, 2000, 2000, 2000, 2000] - 0
9790 - [42, 42, 127] - [2000, 2000, 2000, 2000, 2000] - 1
9800 - [42, 42, 371] - [127, 127, 2000, 2000, 2000, 2000, 2000] - 1
9810 - [127] - [42, 42, 371, 371, 371, 371, 371, 2000, 2000, 2000, 2000] - -2
9820 - [] - [42, 42, 127, 127, 371, 371, 371, 371, 2000, 2000, 2000, 2000] - -2
9830 - [127, 127] - [42, 42, 2000, 2000, 2000, 2000, 2000] - 0
9840 - [371] - [42, 42, 127, 2000, 2000, 2000, 2000, 2000] - 0
9850 - [127] - [42, 42, 42, 371, 371, 371, 371, 371, 2000, 2000, 2000, 2000] - -4
9860 - [42, 42, 42, 127, 127, 127] - [371, 2000, 2000, 2000, 2000, 2000] - -4
9870 - [127, 127] - [42, 42, 42, 2000, 2000, 2000, 2000, 2000] - -2
9880 - [371] - [42, 42, 42, 127, 2000, 2000, 2000, 2000, 2000] - -2
9890 - [42, 42, 127, 127] - [371, 371, 371, 371, 371, 371, 2000, 2000, 2000, 2000] - 2
9900 - [42, 42] - [127, 371, 371, 371, 371, 371, 2000, 2000, 2000, 2000] - 2
9910 - [] - [42, 127, 127, 127, 371, 371, 371, 371, 2000, 2000, 2000, 2000] - 3
9920 - [42, 42] - [2000, 2000, 2000, 2000, 2000] - 4
9930 - [42, 127, 127] - [371, 371, 371, 371, 371, 371, 2000, 2000, 2000, 2000] - 0
9940 - [42] - [127, 371, 371, 371, 371, 371, 2000, 2000, 2000, 2000] - 0
9950 - [] - [42, 42, 127, 127, 127, 371, 371, 371, 371, 2000, 2000, 2000, 2000] - 1
9960 - [42] - [2000, 2000, 2000, 2000, 2000] - 2
9970 - [127, 127, 127] - [42, 42, 42, 371, 371, 371, 371, 371, 371, 2000, 2000, 2000, 2000] - -1
9980 - [] - [42, 42, 42, 371, 371, 371, 371, 371, 2000, 2000, 2000, 2000] - -1
9990 - [127, 127, 127] - [371, 2000, 2000, 2000, 2000, 2000] - 0
10000 - [] - [2000, 2000, 2000, 2000, 2000] - 0

